 rho p
0 10.0 96905628934252.48
1 10.275019024226207 101840201891201.27
2 10.557601594821053 107019770811613.52
3 10.847955723698727 112456146317681.1
4 11.146295143496799 118161814178574.1
5 11.452839464906978 124150019822202.6
6 11.767814338332794 130434469673576.17
7 12.09145161999314 137029508834464.4
8 12.42398954259403 143950321830388.22
9 12.765672890694118 151212706285449.84
10 13.116753180893081 158833192523047.06
11 13.477488846975604 166829262704419.38
12 13.848145430147085 175219092098479.4
13 14.228995774501257 184021717135420.0
14 14.620320227863473 193257248438878.1
15 15.022406848157642 202946606599219.75
16 15.435551615448583 213111771855954.62
17 15.860058649815983 223775749602812.7
18 16.296240435220263 234962664227925.44
19 16.744418049525255 246697806996135.12
20 17.204921400846878 259007671820500.12
21 17.678089470401826 271920013396734.84
22 18.164270562035178 285463917035189.6
23 18.66382255861036 299669841312911.8
24 19.177113185450366 314569804689120.4
25 19.704520281024177 330197128016579.1
26 20.246432075077454 346586872696291.6
27 20.80324747441245 363775887372192.56
28 21.375376356527383 381802631800182.5
29 21.963239871331393 400707273155306.9
30 22.567270751157363 420532210872147.7
31 23.187913629300564 441321552964085.4
32 23.825625367317745 463121776930219.1
33 24.480875391327636 485981412961848.8
34 25.154146037560277 509951319892938.75
35 25.845932907409612 535084787775635.5
36 26.55674523225079 561437701539513.6
37 27.287106248290563 589068506799946.0
38 28.037553581726733 618038471194850.8
39 28.80863964450038 648411877617143.9
40 29.600932040931873 680255833983227.4
41 30.415013985540206 713640893821386.0
42 31.251484732353195 748640799972595.1
43 32.11096001602439 785332814011925.0
44 32.99407250508177 823797933602143.9
45 33.90147226764142 864120950742389.6
46 34.83382724992927 906390710750818.1
47 35.79182376796325 950700184520544.2
48 36.77616701275743 997146937073011.4
49 37.78758156942029 1045832917832945.5
50 38.82681195052931 1096865177541192.0
51 39.894623144174226 1150355593382170.2
52 40.99180117707251 1206421482462339.5
53 42.11915369317185 1265185770139164.0
54 43.27751054816483 1326776993413472.0
55 44.46772442035439 1391330065333666.2
56 45.690671438318994 1458985967246498.5
57 46.947251825839665 1529892627691229.5
58 48.23839056456411 1604204793032116.2
59 49.56503807489504 1682084610092340.5
60 50.928170915604284 1763701949019960.5
61 52.32879250268778 1849234543466913.5
62 53.76793384799029 1938868701616941.2
63 55.24665431814362 2032799479619134.0
64 56.76604241437749 2131231067825870.5
65 58.32721657377608 2234377424907149.2
66 59.9313259925711 2342462572371805.5
67 61.57955147207709 2455721073569225.0
68 63.273106287890904 2574398579268789.5
69 65.01323708299658 2698752415952137.5
70 66.8012247854319 2829051907699231.5
71 68.6383855511924 2965579241615263.0
72 70.52607173306751 3108629803450159.0
73 72.46567287612112 3258512935667136.0
74 74.45861674054974 3415552590036527.0
75 76.50637035267167 3580088010119678.0
76 78.61044108481975 3752474363342454.5
77 80.77237776493361 3933083597197430.5
78 82.9937718166679 4122305139598372.5
79 85.27625843085515 4320546857100098.5
80 87.62151776918672 4528235791948249.0
81 90.03127620099686 4745819013928441.0
82 92.50730757406069 4973764733649429.0
83 95.05143452034187 5212563133017158.0
84 97.66552979765048 5462727513425637.0
85 100.35151766819907 5724795337786640.0
86 103.11137531507173 5999329267883605.0
87 105.94713429764899 6286918624535207.0
88 108.86088204705928 6588180129475716.0
89 111.85476340275798 6903759793351979.0
90 114.93098219136601 7234333893422162.0
91 118.09180284892898 7580610477784320.0
92 121.33955208779152 7943330834311086.0
93 124.6766206093144 8323271182485810.0
94 128.10546486369392 8721244193072294.0
95 131.62860885817977 9138100572490424.0
96 135.2486460150228 9574731176968156.0
97 138.96824108051945 1.0032068506568104e+16
98 142.7901320865592 1.0511088984543794e+16
99 146.7171323661168 1.1012814853307374e+16
100 150.75213262417654 1.153831623857812e+16
101 154.8981030656087 1.208871353454985e+16
102 159.1580955815682 1.266517977892148e+16
103 163.53524599602255 1.3268942902293404e+16
104 168.03277637406435 1.390128853137264e+16
105 172.653997393706 1.4563562499479882e+16
106 177.40231078290319 1.5257173911807266e+16
107 182.28121182360212 1.5983597670644674e+16
108 187.2942919246518 1.6744378135557312e+16
109 192.44524126547748 1.7541131693994674e+16
110 197.73785151245823 1.8375550813808668e+16
111 203.17601861001265 1.924940699705235e+16
112 208.76374564844187 2.016455493819785e+16
113 214.50514581064624 2.112293611988384e+16
114 220.40444539988053 2.2126582891697748e+16
115 226.46598695077978 2.3177622895102e+16
116 232.69423242594272 2.427828332144893e+16
117 239.09376650042773 2.5430895569591364e+16
118 245.6692999365795 2.663790026898955e+16
119 252.4256730516687 2.7901852296918656e+16
120 259.3678592809002 2.922542594499147e+16
121 266.5009688384074 3.061142069739673e+16
122 273.8302524789353 3.2062767116518732e+16
123 281.3611053629727 3.3582532583619704e+16
124 289.099071028186 3.5173928254715136e+16
125 297.0498454700733 3.684031511356166e+16
126 305.2192813348457 3.858521158651333e+16
127 313.61339222761916 4.0412300451933064e+16
128 322.2383571390904 4.232543659482868e+16
129 331.10052499395545 4.4328655190067944e+16
130 340.2064193244178 4.642617983356715e+16
131 349.56274307222697 4.862243156145361e+16
132 359.1763835227828 5.0922038028304616e+16
133 369.05441737493635 5.332984287914877e+16
134 379.2041159502192 5.5850916169923464e+16
135 389.6329505453385 5.849056463599345e+16
136 400.34859793187394 6.125434279253861e+16
137 411.3589460072296 6.414806460426724e+16
138 422.6720996009923 6.7177815401708344e+16
139 434.2963864409832 7.034996450497831e+16
140 446.2403632833801 7.367117858958699e+16
141 458.51282221143464 7.714843533606173e+16
142 471.1227971074137 8.078903814019709e+16
143 484.0795703025337 8.460063106204811e+16
144 497.3926794097784 8.859121478040011e+16
145 511.07192434463224 9.276916308939054e+16
146 525.1273745388995 9.714324032781163e+16
147 539.5693763529151 1.0172261963506995e+17
148 554.4085606916076 1.065169017434362e+17
149 569.6558508300134 1.1153613501300893e+17
150 585.3224704540157 1.167908363023615e+17
151 601.4199519222096 1.222920124558937e+17
152 617.9601447549918 1.2805118345527278e+17
153 634.9552243571118 1.3408040605045442e+17
154 652.417700980114 1.4039229873203514e+17
155 670.36042893126 1.470000677606306e+17
156 688.796616035714 1.5391753475636035e+17
157 707.7398333589599 1.6115916495719674e+17
158 727.2040251965994 1.6874009728363754e+17
159 747.2035193388938 1.7667617562934093e+17
160 767.7530376175904 1.8498398154461933e+17
161 788.8677067428204 1.936808685498638e+17
162 810.5630694380184 2.0278499791218627e+17
163 832.8550958810831 2.1231537611474035e+17
164 855.7601954601867 2.2229189436850733e+17
165 879.2952288528951 2.3273536924487312e+17
166 903.4775204374838 2.4366758593725005e+17
167 928.3248710455872 2.5511134314219872e+17
168 953.8555710655754 2.670904999673119e+17
169 980.0884139062945 2.79630025318206e+17
170 1007.042709831086 2.927560491310681e+17
171 1034.7383001722726 3.064959164772535e+17
172 1063.1955719365583 3.208782438285235e+17
173 1092.4354728121205 3.3593297783722445e+17
174 1122.4795265884081 3.51691457316665e+17
175 1153.3498490000327 3.681864775420648e+17
176 1185.0691640063765 3.8545235785811424e+17
177 1217.660820518936 4.03525012310213e+17
178 1251.1488095886966 4.2244202352042355e+17
179 1285.5577820661836 4.4224271994885376e+17
180 1320.9130667472077 4.6296825706728806e+17
181 1357.2406890176549 4.846617015524326e+17
182 1394.5673900110296 5.0736812009872474e+17
183 1432.920646292881 5.311346719904925e+17
184 1472.3286900865871 5.560107059799864e+17
185 1512.8205300553743 5.820478616515804e+17
186 1554.4259726558937 6.093001755676906e+17
187 1597.175644079064 6.37824192042976e+17
188 1641.101012794312 6.676790794239427e+17
189 1686.234412713846 6.989267511961834e+17
190 1732.6090669939683 7.316319934732243e+17
191 1780.2591124909834 7.658625974667451e+17
192 1829.2196248896926 8.016894986674415e+17
193 1879.5266445229527 8.391869222463378e+17
194 1931.2172029013377 8.784325353096751e+17
195 1984.3293499724177 9.195076058454204e+17
196 2038.9021821297026 9.624971692274542e+17
197 2094.975870991901 1.0074902024963497e+18
198 2152.5916929736663 1.0545798064574587e+18
199 2211.792059669571 1.1038633962361947e+18
200 2272.6205490737316 1.1554429005515702e+18
201 2335.121937658001 1.2094249703776282e+18
202 2399.342233332391 1.265921196972607e+18
203 2465.328709311973 1.3250483400479212e+18
204 2533.1299389151573 1.386928566452632e+18
205 2602.7958313190197 1.4516896998115707e+18
206 2674.3776682979606 1.519465481625276e+18
207 2747.9281419727286 1.5903958444600773e+18
208 2823.5013935976344 1.6646271975529746e+18
209 2901.1530534144918 1.7423127258579028e+18
210 2980.9402816025868 1.823612702293338e+18
211 3062.9218103548787 1.9086948149520868e+18
212 3147.1579871113768 1.9977345090853604e+18
213 3233.710818981484 2.090915344472926e+18
214 3322.6440183880873 2.1884293699418757e+18
215 3414.0230499669024 2.29047751419076e+18
216 3507.915178755668 2.39726999546094e+18
217 3604.3895197086385 2.509026749381804e+18
218 3703.517088572784 2.6259778765229793e+18
219 3805.370854163219 2.7483641108477583e+18
220 3910.0257920763024 2.876437309271102e+18
221 4017.5589398799175 3.010460963776532e+18
222 4128.04945382162 3.1507107371371295e+18
223 4241.578667096377 3.2974750231675715e+18
224 4358.230149716734 3.451055532238158e+18
225 4478.0897700295645 3.6117679044740593e+18
226 4601.245757924656 3.779942350015704e+18
227 4727.788769781595 3.9559243195074673e+18
228 4857.811955202892 4.140075204696198e+18
229 4991.411025582325 4.3327730711974057e+18
230 5128.684324559081 4.534413425195459e+18
231 5269.732900409532 4.745410014514603e+18
232 5414.6605804298715 4.966195666994707e+18
233 5563.574047364461 5.197223166692693e+18
234 5716.582917936106 5.438966170581628e+18
235 5873.799823536008 5.6919201667036e+18
236 6035.3404931329 5.956603476407003e+18
237 6201.3238384623355 6.233558302184824e+18
238 6371.872041558795 6.523351823422258e+18
239 6547.110644695173 6.826577342145629e+18
240 6727.168642795684 7.143855481019384e+18
241 6912.1785783903615 7.47583543599262e+18
242 7102.2766391809855 7.823196286156339e+18
243 7297.602758290203 8.186648363156175e+18
244 7498.300717267744 8.56693468303112e+18
245 7704.518251929512 8.964832443403055e+18
246 7916.407161107382 9.381154588735433e+18
247 8134.123418389889 9.81675144695521e+18
248 8357.827286936006 1.0272512440315017e+19
249 8587.68343744644 1.0749367874329356e+19
250 8823.861069379444 1.1248290808086075e+19
251 9066.534035500283 1.1770299009173041e+19
252 9315.880969855976 1.231645699807884e+19
253 9572.08541926971 1.2887878184913967e+19
254 9835.335978451461 1.3485727103359146e+19
255 10105.82642882452 1.4111221746164404e+19
256 10383.755881169996 1.476563600632054e+19
257 10669.328922194254 1.5450302229121808e+19
258 10962.755765127291 1.6166613880046285e+19
259 11264.252404462826 1.691602833320836e+19
260 11574.040774954163 1.7700069786510782e+19
261 11892.348914982367 1.8520332308493386e+19
262 12219.411134417978 1.9378483023218315e+19
263 12555.468187098631 2.0276265439399633e+19
264 12900.767448050517 2.1215502929782563e+19
265 13255.563095583757 2.219810236785441e+19
266 13620.116298395373 2.3226057929363587e+19
267 13994.695407818595 2.4301455064741724e+19
268 14379.576155358727 2.5426474651320947e+19
269 14775.041855662024 2.66033973330422e+19
270 15181.383615066616 2.783460805542895e+19
271 15598.900545888528 2.9122600805288473e+19
272 16027.899986601726 3.046998356398371e+19
273 16468.69772807278 3.1879483483462443e+19
274 16921.61824601788 3.3353952295682535e+19
275 17386.99493985271 3.4896371965166604e+19
276 17865.170378111114 3.6509860595500278e+19
277 18356.49655061343 3.819767860180909e+19
278 18861.335127569582 3.9963235159977525e+19
279 19380.057725808358 4.181009494562736e+19
280 19913.046182328304 4.374198517546871e+19
281 20460.692835371807 4.5762802964245225e+19
282 21023.40081322947 4.787662301159059e+19
283 21601.58433098652 5.008770563286403e+19
284 22195.668995431333 5.240050515003002e+19
285 22806.092118348482 5.481967865736017e+19
286 23433.303038428567 5.7350095179409334e+19
287 24077.76345203119 5.999684523808233e+19
288 24739.94775304386 6.276525084694758e+19
289 25420.343382088817 6.566087595165205e+19
290 26119.45118533255 6.8689537335959446e+19
291 26837.785783163927 7.1857316013731545e+19
292 27575.87594901177 7.517056912866245e+19
293 28334.26499857974 7.863594238334004e+19
294 29113.511189787372 8.226038302158599e+19
295 29914.188133708798 8.605115338755403e+19
296 30736.88521681399 9.00158450873832e+19
297 31582.208034822117 9.416239377935707e+19
298 32450.77883848665 9.849909462031506e+19
299 33343.23699164084 1.0303461839679303e+20
300 34260.239441839214 1.0777802837045744e+20
301 35202.46120394431 1.1273879786929652e+20
302 36170.5958570113 1.1792682865725902e+20
303 37165.35605483881 1.2335247011503953e+20
304 38187.474050561046 1.2902653926863326e+20
305 39237.70223566587 1.3496034170138912e+20
306 40316.81369383902 1.4116569338804902e+20
307 41425.60277003798 1.4765494349125157e+20
308 42564.885655217746 1.544409981609072e+20
309 43735.50098713766 1.615373453812886e+20
310 44938.31046769029 1.6895808090927687e+20
311 46174.19949721016 1.767179353524385e+20
312 47444.07782622508 1.8483230243461903e+20
313 48748.88022513317 1.9331726850103935e+20
314 50089.56717229683 2.0218964331555317e+20
315 51467.125561060566 2.1146699220571426e+20
316 52882.569426213646 2.2116766961324353e+20
317 54336.94069043087 2.313108541103168e+20
318 55831.30993124285 2.4191658494372387e+20
319 57366.77716909902 2.5300580017270063e+20
320 58944.47267710371 2.6460037646827887e+20
321 60565.5578130224 2.7672317064434126e+20
322 62231.22587416764 2.8939806299476948e+20
323 63942.702975799104 3.026500025128128e+20
324 65701.24895367818 3.1650505407275355e+20
325 67508.15829144645 3.3099044765733886e+20
326 69364.76107350881 3.461346297163989e+20
327 71272.42396412074 3.6196731674822476e+20
328 73232.55121340568 3.7851955119618313e+20
329 75246.58569103638 3.9582375975900656e+20
330 77316.0099483465 4.139138142158472e+20
331 79442.34730965251 4.328250948718369e+20
332 81627.16299358639 4.5259455673446105e+20
333 83872.06526527139 4.732607985346322e+20
334 86178.70662018062 4.948641347123302e+20
335 88548.78500055651 5.1744667048969785e+20
336 90984.04504528349 5.4105238016137206e+20
337 93486.27937413406 5.657271887356591e+20
338 96057.3299073356 5.91519057066072e+20
339 98699.08922142447 6.184780706183355e+20
340 101413.50194239368 6.466565320237887e+20
341 104202.5661771497 6.761090575759202e+20
342 107068.3349843404 7.06892677833412e+20
343 110012.91788563202 7.390669424991854e+20
344 113038.48241855051 7.726940297519425e+20
345 116147.25573202666 8.078388602135609e+20
346 119341.5262258241 8.445692157432145e+20
347 122623.64523505341 8.829558632561577e+20
348 125996.02876101372 9.230726837735528e+20
349 129461.15924963688 9.649968069174125e+20
350 133021.58741883983 1.0088087510731163e+21
351 136679.93413613492 1.0545925694510753e+21
352 140438.8923478772 1.1024360022882257e+21
353 144301.22906156955 1.1524306354383155e+21
354 148269.78738268482 1.2046720656120422e+21
355 152347.48860750624 1.2592600725353524e+21
356 156537.33437352127 1.3162987983071625e+21
357 160842.4088689591 1.3758969342472123e+21
358 165265.88110309254 1.438167915536864e+21
359 169811.00723897797 1.5032301239665723e+21
360 174481.13299035135 1.571207099116944e+21
361 179279.6960844404 1.6422277583118454e+21
362 184210.22879251186 1.7164266256962258e+21
363 189276.36053001226 1.793944070803344e+21
364 194481.8205282175 1.8749265569919897e+21
365 199830.44057935788 1.959526900147525e+21
366 205326.1578572408 2.047904538055783e+21
367 210973.01781544235 2.1402258108753487e+21
368 216775.17716520856 2.2366642531493342e+21
369 222736.90693525257 2.337400897814094e+21
370 228862.59561570233 2.442624592681502e+21
371 235156.75238851272 2.552532329887378e+21
372 241624.0104467221 2.667329588818729e+21
373 248269.13040499025 2.787230693052042e+21
374 255097.00380393732 2.912459181853592e+21
375 262112.65671085624 3.043248196815253e+21
376 269321.25341945165 3.1798408842201693e+21
377 276728.10025133146 3.322490813754561e+21
378 284338.6494620409 3.4714624142062676e+21
379 292158.5032545259 3.627031426814062e+21
380 300193.4179029709 3.789485376956233e+21
381 308449.3079900516 3.959124064894392e+21
382 316932.25076071837 4.1362600763130286e+21
383 325648.49059572135 4.321219313425472e+21
384 334604.4436081588 4.5143415474435633e+21
385 343806.7023664458 4.7159809932394014e+21
386 353262.040747171 4.926506907058793e+21
387 362977.418921415 5.146304208176114e+21
388 372959.9884782066 5.375774125416179e+21
389 383217.0976888762 5.615334869500215e+21
390 393756.2969161958 5.865422332211832e+21
391 404585.34417227766 6.126490813412113e+21
392 415712.2108293263 6.399013776975078e+21
393 427145.0874874457 6.683484636751376e+21
394 438892.3900038274 6.980417573710649e+21
395 450962.76568774367 7.290348385455303e+21
396 463365.0996659234 7.613835369342428e+21
397 476108.5214229838 7.951460240496565e+21
398 489202.4115217361 8.303829086042979e+21
399 502656.40850831795 8.671573356940794e+21
400 516480.41600721894 9.055350898845673e+21
401 530684.6100114443 9.455847023484925e+21
402 545279.4463731658 9.873775622082116e+21
403 560275.6685003815 1.030988032242571e+22
404 575684.3152652467 1.0764935691233883e+22
405 591516.729129905 1.123974848352966e+22
406 607784.5644957838 1.173515894080233e+22
407 624499.7962825221 1.225204213979808e+22
408 641674.7287428309 1.2791309393849204e+22
409 659322.0045197782 1.3353909708721605e+22
410 677454.6139531668 1.394083129503437e+22
411 696085.9046418612 1.4553103139379073e+22
412 715229.5912690838 1.5191796636345323e+22
413 734899.7656979373 1.585802728374122e+22
414 755110.9073445692 1.6552956443379058e+22
415 775877.8938366149 1.7277793169886404e+22
416 797216.0119647784 1.8033796110091532e+22
417 819140.968935585 1.8822275475625245e+22
418 841668.9039336228 1.96445950914809e+22
419 864816.4000017599 2.0502174523371263e+22
420 888600.4962480908 2.1396491286829647e+22
421 913038.7003885967 2.2329083141105943e+22
422 938149.0016347608 2.3301550471025718e+22
423 963949.8839355995 2.431555876009226e+22
424 990460.3395838934 2.537284115823502e+22
425 1017699.883196606 2.6475201147731593e+22
426 1045688.5660797899 2.76245153109606e+22
427 1074446.990988567 2.88227362037772e+22
428 1103996.3272930135 3.007189533844172e+22
429 1134358.326561158 3.137410628017757e+22
430 1165555.338570531 3.273156786158421e+22
431 1197610.3277600629 3.4146567519285325e+22
432 1230546.8901344412 3.5621484757354858e+22
433 1264389.2706333785 3.7158794742230562e+22
434 1299162.3809785468 3.876107203399664e+22
435 1334891.818011359 4.043099445909884e+22
436 1371603.882535063 4.217134712974084e+22
437 1409325.5986750277 4.398502661540285e+22
438 1448084.7337714906 4.587504527212642e+22
439 1487909.8188193617 4.784453573541451e+22
440 1528830.1694701917 4.989675558281344e+22
441 1570875.9076117205 5.203509217246663e+22
442 1614077.9835409045 5.426306766416047e+22
443 1658468.1987467443 5.658434422962477e+22
444 1704079.2293196975 5.900272945909882e+22
445 1750944.6500048635 6.152218197143162e+22
446 1799098.958916708 6.4146817235256355e+22
447 1848577.6029334746 6.688091360905254e+22
448 1899417.0037899942 6.972891860820153e+22
449 1951654.5848880901 7.269545540743754e+22
450 2005328.7988443435 7.57853295874106e+22
451 2060479.1557954329 7.900353613439063e+22
452 2117146.252481964 8.235526670248807e+22
453 2175371.802132141 8.584591714810134e+22
454 2235198.6651672963 8.948109534666494e+22
455 2296670.8807519004 9.326662930214569e+22
456 2359833.6992112147 9.720857556011474e+22
457 2424733.615340535 1.0131322793562894e+23
458 2491418.40263048 1.0558712656756765e+23
459 2559937.148433546 1.100370673115012e+23
460 2630340.2900978033 1.1467011148360882e+23
461 2702679.6520943623 1.1949359596864276e+23
462 2777008.4841658655 1.2451514370538737e+23
463 2853381.500524186 1.2974267456359123e+23
464 2931854.920126115 1.3518441662684107e+23
465 3012486.508056699 1.4084891789639317e+23
466 3095335.6180507373 1.4674505843153631e+23
467 3180463.2361836326 1.528820629426178e+23
468 3267932.025763889 1.5926951385348793e+23
469 3357806.373460206 1.659173648507102e+23
470 3450152.4366971646 1.728359549375455e+23
471 3545038.192354372 1.8003602301137045e+23
472 3642533.486804967 1.875287229838955e+23
473 3742710.087330207 1.9532563946423715e+23
474 3845641.734948123 2.034388040256797e+23
475 3951404.198695026 2.1188071207768788e+23
476 4060075.331399864 2.2066434036556442e+23
477 4171735.126992515 2.298031651209585e+23
478 4286465.779388084 2.3931118088727522e+23
479 4404351.74299072 2.4920292004496294e+23
480 4525479.794861353 2.5949347306253667e+23
481 4649939.098595173 2.7019850950017705e+23
482 4777821.2699558595 2.8133429979372714e+23
483 4909220.44431491 2.929177378479445e+23
484 5044233.345945596 3.0496636446890877e+23
485 5182959.359222723 3.174983916666324e+23
486 5325500.601780478 3.305327278600248e+23
487 5471961.999682244 3.440890040175746e+23
488 5622451.364657797 3.581876007683403e+23
489 5777079.473464549 3.72849676519108e+23
490 5935960.149431499 3.880971966149243e+23
491 6099210.346245732 4.039529635815528e+23
492 6266950.234043224 4.204406484898554e+23
493 6439303.287867291 4.375848234835579e+23
494 6616396.378559881 4.554109955134071e+23
495 6798359.866152419 4.739456413222847e+23
496 6985327.695825207 4.93216243727539e+23
497 7177437.496505826 5.1325132924844264e+23
498 7374830.682179191 5.340805071285102e+23
499 7577652.555983821 5.557345098041957e+23
500 7786052.4171710145 5.7824523487344103e+23
501 8000183.671005466 6.016457886194625e+23
502 8220203.941688506 6.259705311472684e+23
503 8446275.188386869 6.51255123192482e+23
504 8678563.824452473 6.775365746642435e+23
505 8917240.839921055 7.048532949862741e+23
506 9162481.927379578 7.332451453025099e+23
507 9414467.611295402 7.627534926162007e+23
508 9673383.380902175 7.934212659338889e+23
509 9939419.826740352 8.252930144883187e+23
510 10212772.780952811 8.584149681170729e+23
511 10493643.461438978 8.928350998765586e+23
512 10782238.61997325 9.286031909738751e+23
513 11078770.694397172 9.657708981022105e+23
514 11383457.96499708 1.0043918232684963e+24
515 11696524.715182414 1.0445215862053593e+24
516 12018201.39658314 1.0862178994628243e+24
517 12348724.798687378 1.129540646278676e+24
518 12688338.223144682 1.1745519613301131e+24
519 13037291.662862822 1.221316314473081e+24
520 13395841.986030128 1.2699005975795586e+24
521 13764253.125198754 1.3203742145871966e+24
522 14142796.271568228 1.3728091748799132e+24
523 14531750.07461191 1.4272801901223506e+24
524 14931400.847193804 1.4838647746757864e+24
525 15342042.776326371 1.54264334972761e+24
526 15763978.139724549 1.6036993512715016e+24
527 16197517.528315587 1.6671193420804193e+24
528 16642980.07486802 1.7329931278197424e+24
529 17100693.68890867 1.8014138774534173e+24
530 17570995.29810017 1.8724782481015113e+24
531 18054231.096256856 1.9462865145134713e+24
532 18550756.798181526 2.0229427033273863e+24
533 19060937.901510894 2.1025547322919362e+24
534 19585149.955761887 2.1852345546340293e+24
535 20123778.838777658 2.2710983087621368e+24
536 20677221.04077613 2.36026647350212e+24
537 21245883.956210524 2.452864029069703e+24
538 21830186.183656514 2.5490206239911775e+24
539 22430557.833947092 2.648870748191986e+24
540 23047440.846781265 2.752553912480415e+24
541 23681289.31604058 2.8602148346626737e+24
542 24332569.82405219 2.9720036325337075e+24
543 25001761.785044838 3.088076023997564e+24
544 25689357.79805076 3.2085935345802287e+24
545 26395864.00951256 3.3337237126075747e+24
546 27121800.48586295 3.463640352331265e+24
547 27867701.596350953 3.5985237252956793e+24
548 28634116.406396523 3.7385608202498355e+24
549 29421609.08176316 3.88394559191947e+24
550 30230759.303846315 4.0348792189661125e+24
551 31062162.696382444 4.1915703714717646e+24
552 31916431.26389394 4.354235488300789e+24
553 32794193.84219185 4.523099064702919e+24
554 33696096.56126826 4.698393950535405e+24
555 34622803.320919484 4.880361659495546e+24
556 35574996.27944902 5.069252689769826e+24
557 36553376.355811544 5.265326856520587e+24
558 37558663.74556642 5.468853636646694e+24
559 38591598.45102103 5.680112526270784e+24
560 39652940.82595391 5.89939341142232e+24
561 40743472.13531926 6.126996952403049e+24
562 41863995.1303436 6.363234982339171e+24
563 43015334.639439404 6.608430920443457e+24
564 44198338.175369665 6.862920200529571e+24
565 45413876.5591106 7.127050715340701e+24
566 46662844.56087223 7.401183277275995e+24
567 47946161.55874728 7.685692096118586e+24
568 49264772.21547517 7.980965274392736e+24
569 50619647.173817836 8.287405320999428e+24
570 52011783.771059684 8.605429683804396e+24
571 53442206.77315773 8.935471301877198e+24
572 54911969.129082665 9.27797917810586e+24
573 56422152.745904684 9.633418972937673e+24
574 57973869.28519678 1.0002273620025488e+25
575 59568260.981340066 1.0385043964586447e+25
576 61206501.48233399 1.0782249425310452e+25
577 62889796.713731155 1.119442868068653e+25
578 64619385.766330674 1.1622140380646618e+25
579 66396541.80828602 1.206596388446048e+25
580 68222573.022297 1.2526500025848752e+25
581 70098823.56857635 1.300437190631755e+25
582 72026674.57429974 1.3500225717754524e+25
583 74007545.15026802 1.4014731595365098e+25
584 76042893.43552843 1.4548584502066452e+25
585 78134217.6707261 1.5102505145499122e+25
586 80283057.30097426 1.5677240928858e+25
587 82490994.10905537 1.6273566936789052e+25
588 84759653.37978746 1.68922869576438e+25
589 87090705.09641357 1.7534234543431882e+25
590 89485865.16989242 1.8200274108859984e+25
591 91946896.70199864 1.8891302070898395e+25
592 94475611.28315984 1.960824803036788e+25
593 97073870.3259866 2.03520759970957e+25
594 99743586.43547806 2.112378566024595e+25
595 102486724.81690887 2.1924413705488447e+25
596 105305304.7224373 2.275503518073294e+25
597 108201400.93749839 2.361676491221745e+25
598 111177145.30807261 2.4510758972805247e+25
599 114234728.30996057 2.5438216204416096e+25
600 117376400.66121551 2.640037979658501e+25
601 120604474.97891851 2.7398538923216e+25
602 123921327.48152044 2.843403043967632e+25
603 127329399.73799917 2.950824064245278e+25
604 130831200.46512428 3.062260709367699e+25
605 134429307.37415025 3.1778620512908008e+25
606 138126369.0682944 3.297782673865017e+25
607 141925106.9924019 3.4221828762176272e+25
608 145828317.43622732 3.551228883631876e+25
609 149838873.59281316 3.6850930661991814e+25
610 153959727.67347786 3.8239541655308108e+25
611 158193913.08096686 3.967997529825717e+25
612 162544546.64237258 4.117415357602622e+25
613 167014830.90346065 4.272406950415375e+25
614 171608056.48609784 4.433178974882598e+25
615 176327604.5105138 4.59994573437475e+25
616 181176949.08417615 4.772929450714182e+25
617 186159659.85911775 4.952360556257279e+25
618 191279404.65959197 5.138477996740934e+25
619 196539952.18199673 5.331529545290002e+25
620 201945174.76905224 5.531772127996886e+25
621 207499051.26026946 5.739472161499294e+25
622 213205669.92081633 5.954905902998362e+25
623 219069231.45092866 6.178359813175182e+25
624 225094052.07809025 6.410130932481125e+25
625 231284566.73425382 6.650527271294273e+25
626 237645332.320438 6.899868214452866e+25
627 244181031.06110558 7.158484940695018e+25
628 250896473.95080364 7.426720857554506e+25
629 257796604.29557785 7.7049320522807315e+25
630 264886501.35179737 7.993487759374369e+25
631 272171384.0650446 8.292770845349626e+25
632 279656614.91183066 8.603178311357938e+25
633 287347703.84697694 8.92512181433155e+25
634 295250312.35954016 9.25902820732784e+25
635 303370257.64030004 9.605340099782918e+25
636 311713516.8638497 9.964516438406682e+25
637 320286231.58845204 1.0337033109480106e+26
638 329094712.276906 1.072338356334279e+26
639 338145442.9417454 1.1124079461888397e+26
640 347445085.9181826 1.1539651349914553e+26
641 357000486.76832443 1.1970649351206466e+26
642 366818679.32025594 1.241764389026469e+26
643 376906890.84571564 1.2881226440621768e+26
644 387272547.38016725 1.3362010300726945e+26
645 397923279.1891757 1.3860631398413707e+26
646 408866926.38512677 1.4377749125003348e+26
647 420111544.6984084 1.4914047200135478e+26
648 431665411.40731984 1.5470234568457552e+26
649 443537031.4310637 1.604704632934628e+26
650 455735143.59029895 1.664524470087714e+26
651 468268727.03987956 1.726562001930375e+26
652 481147007.87849635 1.7908991775353906e+26
653 494379465.9401059 1.8576209688699173e+26
654 507975841.7721373 1.9268154822002825e+26
655 521946143.80560243 1.998574073600373e+26
656 536300655.7224086 2.072991468714734e+26
657 551049944.0252752 2.150165886933056e+26
658 566204865.815848 2.230199170138485e+26
659 581776576.7867277 2.3131969161982122e+26
660 597776539.4332815 2.3992686173708504e+26
661 614216531.4913092 2.4885278038117777e+26
662 631108654.6067452 2.581092192364045e+26
663 648465343.2438104 2.677083840829578e+26
664 666299373.8381519 2.7766293079224185e+26
665 684623874.2017038 2.8798598191131627e+26
666 703452333.1861945 2.986911438581532e+26
667 722798610.612448 3.0979252475021476e+26
668 742676947.4727161 3.213047528896342e+26
669 763101976.4136394 3.3324299592921957e+26
670 784088732.5074784 3.456229807443088e+26
671 805652664.3195741 3.584610140364806e+26
672 827809645.2802175 3.717740036960846e+26
673 850575985.369217 3.855794809514851e+26
674 873968443.1218643 3.9989562333403284e+26
675 898004237.9650538 4.1474127848876494e+26
676 922701062.892671 4.301359888619695e+26
677 948077097.4895921 4.461000172979246e+26
678 974151021.3138708 4.626543735782671e+26
679 1000942027.6469396 4.798208419386836e+26
680 1028469837.6219885 4.9762200959892745e+26
681 1056754714.7408754 5.1608129634344456e+26
682 1085817479.790326 5.3522298519132615e+26
683 1115679526.168294 5.550722541956248e+26
684 1146362835.631893 5.7565520941369676e+26
685 1177889994.4783583 5.969989190915856e+26
686 1210284210.1710813 6.191314491072387e+26
687 1243569328.4228482 6.420818997188147e+26
688 1277769850.7488954 6.658804436661664e+26
689 1312910952.5027614 6.905583656753352e+26
690 1349018501.4080803 7.161481034176386e+26
691 1386119076.6001132 7.426832899769818e+26
692 1424239988.1909063 7.70198797880835e+26
693 1463409297.3725247 7.987307847524813e+26
694 1503655837.0732236 8.283167406442326e+26
695 1545009233.181613 8.58995537113425e+26
696 1587499926.3546195 8.90807478105429e+26
697 1631159194.4251459 9.237943527101305e+26
698 1676019175.4259841 9.579994898608452e+26
699 1722112891.2469952 9.934678150472457e+26
700 1769474271.9428046 1.0302459091163029e+27
701 1818138180.7091181 1.0683820692382457e+27
702 1868140439.5458183 1.1079263721170822e+27
703 1919517855.6259563 1.1489307395284588e+27
704 1972308248.3898644 1.1914490062703732e+27
705 2026550477.3844094 1.2355369906156298e+27
706 2082284470.8679562 1.2812525673581667e+27
707 2139551255.2019017 1.3286557435485715e+27
708 2198392985.050657 1.3778087370179623e+27
709 2258852974.4120994 1.4287760577927008e+27
710 2320975728.501424 1.4816245925064002e+27
711 2384806976.511947 1.5364236919196063e+27
712 2450393705.27676 1.593245261661371e+27
713 2517784193.8562818 1.652163856311516e+27
714 2587028049.0769405 1.7132567769463227e+27
715 2658176242.047233 1.776604172275231e+27
716 2731281145.6781516 1.8422891435007764e+27
717 2806396573.2353315 1.9103978530385748e+27
718 2883577817.9516225 1.9810196372396833e+27
719 2962881693.728969 2.0542471232624297e+27
720 3044366576.9596677 2.1301763502464634e+27
721 3128092449.497908 2.2089068949475292e+27
722 3214120942.812931 2.2905420019967867e+27
723 3302515383.3566823 2.3751887189552722e+27
724 3393340839.1789565 2.4629580363395585e+27
725 3486664167.8247447 2.553965032801933e+27
726 3582554065.548718 2.6483290256544966e+27
727 3681081117.883196 2.746173726933916e+27
728 3782317851.596981 2.8476274052109154e+27
729 3886338788.0829315 2.952823053355505e+27
730 3993220498.214028 3.0618985624775676e+27
731 4103041658.7079296 3.174996902269703e+27
732 4215883110.041656 3.292266307987996e+27
733 4331827915.959208 3.413860474315182e+27
734 4450961424.615496 3.539938756359058e+27
735 4573371331.402112 3.6706663780491513e+27
736 4699147743.500756 3.806214648203472e+27
737 4828383246.211985 3.9467611845477364e+27
738 4961172971.108336 4.092490145979932e+27
739 5097614666.061493 4.243592473382936e+27
740 5237808767.195649 4.4002661393006066e+27
741 5381858472.819404 4.562716406802569e+27
742 5529869819.391229 4.7311560978765344e+27
743 5681951759.5739355 4.905805871698211e+27
744 5838216242.435767 5.086894513142334e+27
745 5998778295.85741 5.274659231911903e+27
746 6163756111.205006 5.469345972675758e+27
747 6333271130.332189 5.671209736620097e+27
748 6507448134.974602 5.880514914833367e+27
749 6686415338.602927 6.097535633960045e+27
750 6870304480.802318 6.322556114575068e+27
751 7059250924.2470255 6.555871042746041e+27
752 7253393754.342451 6.79778595526943e+27
753 7452875881.607243 7.048617639082929e+27
754 7657844146.871097 7.308694545375786e+27
755 7868449429.366002 7.578357218938376e+27
756 8084846757.789739 7.857958743310326e+27
757 8307195424.424301 8.147865202309972e+27
758 8535659102.392481 8.448456158546374e+27
759 8770405966.13922 8.760125149539252e+27
760 9011608815.226774 9.083280202094923e+27
761 9259445201.533955 9.418344365608662e+27
762 9514097559.95417 9.765756264990985e+27
763 9775753342.687307 1.012597067393858e+28
764 10044605157.225487 1.0499459109299166e+28
765 10320850908.133282 1.0886710447305452e+28
766 10604693942.727161 1.12882315624827e+28
767 10896343200.76183 1.170454799006483e+28
768 11196013368.23255 1.2136204612781803e+28
769 11503925035.408022 1.258376637291689e+28
770 11820304859.208986 1.3047819010561708e+28
771 12145385730.052563 1.3528969829032775e+28
772 12479406943.28559 1.4027848488449704e+28
773 12822614375.331985 1.4545107828508887e+28
774 13175260664.685238 1.5081424721528482e+28
775 13537605397.878038 1.5637500956876302e+28
776 13909915300.566402 1.6214064157935425e+28
777 14292464433.869535 1.6811868732804958e+28
778 14685534396.10857 1.7431696859974745e+28
779 15089414530.094425 1.8074359510262437e+28
780 15504402136.115534 1.8740697506344002e+28
781 15930802690.78403 1.94315826212628e+28
782 16368930071.900038 2.0147918717348367e+28
783 16819106789.500109 2.0890642927031576e+28
784 17281664223.26062 2.166072687709824e+28
785 17756942866.429203 2.245917795797554e+28
786 18245292576.465763 2.3287040639710604e+28
787 18747072832.575935 2.4145397836355086e+28
788 19262653000.327175 2.503537232053727e+28
789 19792412603.543026 2.595812819006765e+28
790 20336741603.67388 2.691487238848863e+28
791 20896040686.85214 2.7906856281555284e+28
792 21470721558.841114 2.8935377291700484e+28
793 22061207248.095585 3.0001780592617545e+28
794 22667932417.15798 3.1107460866172076e+28
795 23291343682.617184 3.2253864123931266e+28
796 23931899943.86821 3.3442489595690167e+28
797 24590072720.912457 3.467489168745512e+28
798 25266346501.4481 3.595268201143821e+28
799 25961219097.507114 3.7277531490712665e+28
800 26675202011.89899 3.8651172541269636e+28
801 27408820814.734 4.007540133432651e+28
802 28162615530.29987 4.155208014183151e+28
803 28937141034.579914 4.308313976822905e+28
804 29732967463.70262 4.467058207165123e+28
805 30550680633.62428 4.631648257782483e+28
806 31390882471.354942 4.802299319010422e+28
807 32254191458.04205 4.979234499915816e+28
808 33141243084.241596 5.162685119597979e+28
809 34052690317.70885 5.352891009201152e+28
810 34989204084.054146 5.550100825032515e+28
811 35951473760.61906 5.754572373194089e+28
812 36940207683.93295 5.966572946151004e+28
813 37956133671.12776 6.186379671675791e+28
814 38999999555.69116 6.414279874622695e+28
815 40072573737.95397 6.650571452003823e+28
816 41174645750.71856 6.895563261856458e+28
817 42307026840.44073 7.149575526407333e+28
818 43470550564.397835 7.412940250060449e+28
819 44666073404.277435 7.686001652751997e+28
820 45894475396.64342 7.96911661923825e+28
821 47156660780.73939 8.26265516490093e+28
822 48453558664.107834 8.567000918677442e+28
823 49786123706.51698 8.882551623745447e+28
824 51155336822.69406 9.20971965661348e+28
825 52562205904.38801 9.548932565294723e+28
826 54007766562.28832 9.90063362726439e+28
827 55493082888.34796 1.0265282427927823e+29
828 57019248239.07386 1.064335546035344e+29
829 58587386040.355965 1.1035346747050534e+29
830 60198650614.43415 1.1441768484603477e+29
831 61854228029.60591 1.1863151712000472e+29
832 63555336973.30257 1.2300047003528132e+29
833 65303229649.179276 1.2753025187134722e+29
834 67099192698.872894 1.3222678089196232e+29
835 68944548149.11382 1.3709619306657155e+29
836 70840654384.8826 1.4214485007549783e+29
837 72788907149.33012 1.4737934760935019e+29
838 74790740571.2004 1.5280652397346337e+29
839 76847628220.50496 1.584334690085556e+29
840 78961084193.23532 1.642675333392354e+29
841 81132664225.9019 1.7031633796238553e+29
842 83363966840.72977 1.765877841879213e+29
843 85656634522.34633 1.8309006394484916e+29
844 88012354926.82983 1.8983167046605066e+29
845 90432862124.0128 1.9682140936570738e+29
846 92919937873.94557 2.0406841012376217e+29
847 95475412938.47066 2.1158213799239648e+29
848 98101168428.86415 2.1937240633999272e+29
849 100799137190.53969 2.2744938944865892e+29
850 103571305225.83853 2.3582363578197856e+29
851 106419713155.94284 2.4450608174022743e+29
852 109346457723.0007 2.5350806592098746e+29
853 112353693333.55817 2.6284134390368564e+29
854 115443633644.43857 2.725181035773049e+29
855 118618553192.24098 2.825509810312257e+29
856 121880789067.64626 2.9295307702983465e+29
857 125232742635.777 3.0373797409237758e+29
858 128676881303.86311 3.1491975420022947e+29
859 132215740337.52888 3.265130171546576e+29
860 135851924727.02652 3.3853289960892455e+29
861 139588111104.7942 3.509950947994882e+29
862 143427049715.75653 3.639158730019936e+29
863 147371566441.80344 3.773121027386002e+29
864 151424564881.95444 3.912012727642873e+29
865 155589028489.72614 4.056015148606764e+29
866 159868022769.2807 4.20531627467028e+29
867 164264697531.97916 4.360111001791576e+29
868 168782289214.9847 4.520601391480708e+29
869 173424123263.64148 4.68699693411402e+29
870 178193616579.36716 4.85951482191828e+29
871 183094280034.86652 5.038380231979648e+29
872 188129721058.52588 5.223826619645581e+29
873 193303646289.872 5.4160960227003966e+29
874 198619864308.07257 5.615439376710556e+29
875 204082288435.46786 5.822116841948833e+29
876 209694939618.2049 6.036398142322463e+29
877 215461949386.10266 6.258562916745934e+29
878 221387562893.90656 6.488901083414278e+29
879 227476142046.19714 6.727713217451047e+29
880 233732168708.22552 6.975310942420483e+29
881 240160248005.06628 7.232017336213695e+29
882 246765111711.49463 7.498167351835061e+29
883 253551621735.09085 7.774108253635735e+29
884 260524773695.14722 8.060200069561387e+29
885 267689700599.98608 8.356816060000303e+29
886 275051676625.42706 8.664343203842077e+29
887 282616120997.15845 8.983182702376967e+29
888 290388601979.8815 9.313750501690492e+29
889 298374840976.17413 9.656477834232184e+29
890 306580716738.06537 1.0011811780260194e+30
891 315012269694.4523 1.0380215849892215e+30
892 323675706397.5182 1.0762170586516856e+30
893 332577404091.43506 1.1158174192349251e+30
894 341723915406.7271 1.1568743176943342e+30
895 351121973183.71826 1.1994413029501017e+30
896 360778495428.6558 1.2435738915852326e+30
897 370700590406.1141 1.289329640100916e+30
898 380895561871.4703 1.336768219823205e+30
899 391370914447.2698 1.385951494557998e+30
900 402134359147.44977 1.4369436010951365e+30
901 413193819053.50714 1.4898110326661325e+30
902 424557435146.74603 1.5446227254635633e+30
903 436233572300.9493 1.6014501483346046e+30
904 448230825439.84235 1.6603673957647862e+30
905 460558025863.8989 1.721451284272668e+30
906 473224247751.1639 1.7847814523404728e+30
907 486238814836.83374 1.8504404640100386e+30
908 499611307276.5663 1.9185139162786638e+30
909 513351568698.5257 1.9890905504338256e+30
910 527469713449.37103 2.0622623674711774e+30
911 541976134039.54474 2.1381247477455162e+30
912 556881508793.2886 2.216776575009528e+30
913 572196809709.0825 2.2983203650013747e+30
914 587933310536.238 2.38286239874744e+30
915 604102595073.6132 2.4705128607530832e+30
916 620716565696.5812 2.5613859822605215e+30
917 637787452118.4718 2.6556001897591426e+30
918 655327820393.0076 2.7532782589409735e+30
919 673350582164.2837 2.8545474743002586e+30
920 691869004171.1796 2.959539794584349e+30
921 710896718013.1329 3.0683920243096616e+30
922 730447730184.4904 3.1812459915650207e+30
923 750536432384.8508 3.298248732332742e+30
924 771177612112.9197 3.419552681565562e+30
925 792386463551.7576 3.545315871267385e+30
926 814178598753.3656 3.675702135833675e+30
927 836570059130.8655 3.8108813249174683e+30
928 859577327266.7708 3.951029524096627e+30
929 883217339045.9572 4.0963292836273733e+30
930 907507496122.3644 4.246969855580706e+30
931 932465678728.5209 4.4031474396677937e+30
932 958110258837.354 4.565065438072769e+30
933 984460113686.0133 4.7329347196225e+30
934 1011534639671.5665 4.9069738936345427e+30
935 1039353766628.9131 5.08740959379807e+30
936 1067937972501.3275 5.27447677245415e+30
937 1097308298414.4688 5.468419005656111e+30
938 1127486364164.9983 5.669488809404627e+30
939 1158494384135.0977 5.877947967465523e+30
940 1190355183644.7383 6.094067871194858e+30
941 1223092215753.5947 6.31812987180954e+30
942 1256729578525.115 6.550425645559468e+30
943 1291292032765.3372 6.791257572272278e+30
944 1326805020249.5552 7.040939127759993e+30
945 1363294682450.3052 7.299795290594791e+30
946 1400787879780.3289 7.568162963778242e+30
947 1439312211364.835 7.846391411849792e+30
948 1478896035357.481 8.134842713997893e+30
949 1519568489815.0806 8.433892233758943e+30
950 1561359514146.468 8.743929105911103e+30
951 1604299871151.152 9.065356741190105e+30
952 1648421169664.1716 9.39859334947986e+30
953 1693755887823.6624 9.744072482151785e+30
954 1740337396978.3252 1.0102243594253062e+31
955 1788199986252.4653 1.0473572627269728e+31
956 1837378887786.5095 1.0858542613214727e+31
957 1887910302671.8022 1.125765430082199e+31
958 1939831427598.5396 1.167142680465209e+31
959 1993180482236.6846 1.2100398277948332e+31
960 2047996737369.835 1.2545126610109148e+31
961 2104320543802.8225 1.3006190149676582e+31
962 2162193362064.4094 1.3484188453773223e+31
963 2221657792926.7397 1.3979743064952008e+31
964 2282757608764.262 1.4493498316461508e+31
965 2345537785774.9976 1.5026122166962866e+31
966 2410044537087.9478 1.557830706577405e+31
967 2476325346781.117 1.6150770849756596e+31
968 2544429004834.9497 1.6744257672998225e+31
969 2614405643047.2026 1.7359538970490474e+31
970 2686306771935.4424 1.7997414457040141e+31
971 2760185318654.4316 1.8658713162701162e+31
972 2836095665956.4233 1.9344294506060507e+31
973 2914093692222.77 2.0055049406756986e+31
974 2994236812596.6504 2.0791901438667175e+31
975 3076584021246.91 2.155580802523991e+31
976 3161195934794.232 2.2347761678517217e+31
977 3248134836931.7363 2.3168791283437024e+31
978 3337464724272.543 2.401996342906578e+31
979 3429251353458.4336 2.490238378847652e+31
980 3523562289563.8823 2.5817198549042075e+31
981 3620466955831.4883 2.676559589498545e+31
982 3720036684775.098 2.7748807544090336e+31
983 3822344770688.346 2.876811034054595e+31
984 3927466523597.442 2.9824827905975425e+31
985 4035479324697.5215 3.0920332350763775e+31
986 4146462683313.8496 3.205604604788825e+31
987 4260498295429.396 3.323344347152467e+31
988 4377670103822.0303 3.4454053102791425e+31
989 4498064359855.779 3.5719459405079746e+31
990 4621769686971.193 3.70313048715004e+31
991 4748877145922.095 3.8391292147079335e+31
992 4879480301806.27 3.9801186228420915e+31
993 5013675292939.638 4.126281674366169e+31
994 5151560901624.781 4.277808031563985e+31
995 5293238626865.445 4.434894301130779e+31
996 5438812759081.16 4.597744288053161e+31
997 5588390456876.306 4.766569258752675e+31
998 5742081825920.813 4.9415882138308625e+31
999 5900000000000.007 5.123028170764633e+31
