 rho p
0 4335000000000.0044 6.157797807645256e+30
1 4388918144264.107 6.285616147362568e+30
2 4443506915121.263 6.41608460102926e+30
3 4498774653734.422 6.549258026534593e+30
4 4554729805012.793 6.685192412792351e+30
5 4611380918902.225 6.823944908168525e+30
6 4668736651691.637 6.965573839201635e+30
7 4726805767335.699 7.110138736415387e+30
8 4785597138793.969 7.257700360991438e+30
9 4845119749386.672 7.408320726813149e+30
10 4905382694167.36 7.562063130431646e+30
11 4966395181312.631 7.718992172921141e+30
12 5028166533529.138 7.879173789922726e+30
13 5090706189478.101 8.04267527674088e+30
14 5154023705217.533 8.209565319254922e+30
15 5218128755662.406 8.379914021151557e+30
16 5283031136062.976 8.553792930182481e+30
17 5348740763501.496 8.731275073353691e+30
18 5415267678407.554 8.912434981724684e+30
19 5482622046092.239 9.097348727901063e+30
20 5550814158301.408 9.286093948239389e+30
21 5619854434788.264 9.478749886672815e+30
22 5689753424905.488 9.675397418153864e+30
23 5760521809217.189 9.876119085650823e+30
24 5832170401130.888 1.008099913667184e+31
25 5904710148549.805 1.0290123554079225e+31
26 5978152135545.702 1.0503580094389394e+31
27 6052507584052.532 1.0721458323821647e+31
28 6127787855581.141 1.094384965605975e+31
29 6204004452955.313 1.1170847387298272e+31
30 6281169022069.403 1.1402546737873929e+31
31 6359293353667.822 1.1639044893115097e+31
32 6438389385146.672 1.1880441037332824e+31
33 6518469202377.769 1.2126836401661772e+31
34 6599545041555.372 1.2378334303358276e+31
35 6681629291065.874 1.2635040187947147e+31
36 6764734493380.739 1.2897061673602146e+31
37 6848873346973.001 1.316450859530719e+31
38 6934058708257.581 1.343749305123683e+31
39 7020303593555.756 1.3716129450645974e+31
40 7107621181084.046 1.4000534554636708e+31
41 7196024812967.848 1.42908275330723e+31
42 7285527997280.11 1.458713000822326e+31
43 7376144410105.372 1.4889566108465654e+31
44 7467887897629.458 1.519826251511572e+31
45 7560772478255.186 1.5513348519278255e+31
46 7654812344744.371 1.5834956074546605e+31
47 7750021866386.484 1.616321984935325e+31
48 7846415591194.275 1.6498277283958767e+31
49 7944008248126.713 1.6840268647911317e+31
50 8042814749339.565 1.7189337096820094e+31
51 8142850192463.98 1.7545628732906388e+31
52 8244129862913.403 1.7909292662598665e+31
53 8346669236219.185 1.8280481060769971e+31
54 8450483980395.242 1.865934923392797e+31
55 8555589958332.137 1.9046055680767528e+31
56 8662003230220.916 1.9440762161504543e+31
57 8769740056007.08 1.9843633761933852e+31
58 8878816897875.275 2.0254838962194203e+31
59 8989250422764.324 2.0674549708575365e+31
60 9101057504914.44 2.1102941479765838e+31
61 9214255228445.205 2.1540193362615953e+31
62 9328860889966.213 2.198648812518943e+31
63 9444892001219.95 2.2442012291663593e+31
64 9562366291757.582 2.2906956219089505e+31
65 9681301711648.05 2.3381514176839683e+31
66 9801716434220.816 2.386588442325644e+31
67 9923628858842.764 2.4360269292997948e+31
68 10047057613729.613 2.486487527431958e+31
69 10172021558792.318 2.5379913097216885e+31
70 10298539788518.852 2.590559781904945e+31
71 10426631634891.852 2.6442148915115615e+31
72 10556316670342.545 2.698979036394875e+31
73 10687614710741.41 2.75487507438374e+31
74 10820545818426.047 2.8119263326524148e+31
75 10955130305266.7 2.8701566169267192e+31
76 11091388735769.908 2.929590221624489e+31
77 11229341930220.768 2.9902519396906787e+31
78 11369010967864.27 3.0521670726104923e+31
79 11510417190126.2 3.1153614411196006e+31
80 11653582203874.12 3.1798613957069587e+31
81 11798527884718.885 3.245693826998139e+31
82 11945276380357.25 3.3128861772694556e+31
83 12093850113956.021 3.3814664516586197e+31
84 12244271787578.332 3.4514632291018887e+31
85 12396564385652.502 3.5229056748426413e+31
86 12550751178484.07 3.595823551697158e+31
87 12706855725811.488 3.6702472325166344e+31
88 12864901880406.053 3.746207712632131e+31
89 13024913791716.607 3.8237366223434545e+31
90 13186915909559.578 3.902866240181014e+31
91 13350932987854.9 3.983629505690723e+31
92 13516990088408.424 4.06606003309449e+31
93 13685112584741.354 4.150192125170033e+31
94 13855326165967.32 4.23606078695787e+31
95 14027656840717.682 4.323701740225923e+31
96 14202130941115.639 4.413151437961114e+31
97 14378775126799.78 4.504447079250073e+31
98 14557616388997.674 4.597626624647042e+31
99 14738682054650.14 4.692728811259383e+31
100 14921999790586.787 4.789793168911204e+31
101 15107597607753.516 4.888860035958902e+31
102 15295503865492.584 4.9899705757812245e+31
103 15485747275875.92 5.093166793832662e+31
104 15678356908092.324 5.198491554104661e+31
105 15873362192889.234 5.305988597366029e+31
106 16070792927069.754 5.415702558165468e+31
107 16270679278045.594 5.527678983599816e+31
108 16473051788446.656 5.641964351412933e+31
109 16677941380787.947 5.758606088948572e+31
110 16885379362194.537 5.877652592671113e+31
111 17095397429185.29 5.999153247469513e+31
112 17308027672516.08 6.123158446827232e+31
113 17523302582083.275 6.249719613376914e+31
114 17741255051888.188 6.378889219545695e+31
115 17961918385063.26 6.510720808953078e+31
116 18185326298960.81 6.645269018058418e+31
117 18411512930305.02 6.78258959829135e+31
118 18640512840408.035 6.922739438685251e+31
119 18872361020450.934 7.065776588707019e+31
120 19107092896830.38 7.211760281976856e+31
121 19344744336571.766 7.360750960098049e+31
122 19585351652809.703 7.512810297066545e+31
123 19828951610336.664 7.668001224261368e+31
124 20075581431220.64 7.8263879557574095e+31
125 20325278800492.68 7.988036014411994e+31
126 20578081871905.152 8.15301225810052e+31
127 20834029273761.645 8.32138490680041e+31
128 21093160114819.363 8.493223570135088e+31
129 21355513990264.953 8.668599275358376e+31
130 21621130987764.65 8.84758449604505e+31
131 21890051693589.64 9.030253181073636e+31
132 22162317198817.7 9.216680784704456e+31
133 22437969105611.85 9.406944296628344e+31
134 22717049533577.215 9.601122273166327e+31
135 22999601126196.863 9.799294868572688e+31
136 23285667057347.75 1.0001543867784323e+32
137 23575291037897.68 1.0207952718558209e+32
138 23868517322384.312 1.0418606565432385e+32
139 24165390715777.29 1.063359228380221e+32
140 24465956580324.39 1.0852998514753246e+32
141 24770260842482.914 1.1076915700502954e+32
142 25078349999937.227 1.1305436120798558e+32
143 25390271128703.61 1.1538653929800686e+32
144 25706071890323.473 1.177666519370763e+32
145 26025800539146.047 1.2019567929277452e+32
146 26349505929701.625 1.2267462143028201e+32
147 26677237524166.555 1.2520449871370543e+32
148 27009045399921.05 1.277863522094294e+32
149 27344980257201.01 1.3042124410632023e+32
150 27685093426845.027 1.3311025813676324e+32
151 28029436878137.71 1.3585450001211541e+32
152 28378063226750.625 1.3865509785986472e+32
153 28731025742781.94 1.415132026766232e+32
154 29088378358896.117 1.4442998878470167e+32
155 29450175678564.805 1.4740665430026943e+32
156 29816472984410.254 1.5044442160961244e+32
157 30187326246652.5 1.5354453785673212e+32
158 30562792131661.62 1.5670827543734281e+32
159 30942928010616.34 1.599369325057478e+32
160 31327791968270.355 1.6323183349132063e+32
161 31717442811827.676 1.665943296196191e+32
162 32111940079928.38 1.7002579945472024e+32
163 32511344051746.094 1.735276494410421e+32
164 32915715756198.668 1.7710131446322503e+32
165 33325116981273.387 1.807482584116985e+32
166 33739610283468.17 1.8446997476659748e+32
167 34159258997350.21 1.882679871837291e+32
168 34584127245233.336 1.921438500996326e+32
169 35014279946976.633 1.9609914934560432e+32
170 35449782829902.62 2.0013550277422427e+32
171 35890702438842.51 2.0425456089552735e+32
172 36337106146301.984 2.084580075312681e+32
173 36789062162758.03 2.1274756047696095e+32
174 37246639547079.13 2.171249721794709e+32
175 37709908217079.69 2.215920304258274e+32
176 38178938960201.85 2.2615055904744247e+32
177 38653803444332.54 2.3080241863889895e+32
178 39134574228754.17 2.3554950728684568e+32
179 39621324775231.73 2.40393761315755e+32
180 40114129459237.68 2.4533715604990857e+32
181 40613063581316.586 2.5038170658712576e+32
182 41118203378591.0 2.5552946858695808e+32
183 41629626036410.51 2.6078253908119496e+32
184 42147409700145.65 2.661430572905124e+32
185 42671633487128.5 2.716132054616552e+32
186 43202377498741.86 2.7719520972327232e+32
187 43739722832658.67 2.8289134095491277e+32
188 44283751595233.79 2.887039156712449e+32
189 44834546914049.82 2.946352969323472e+32
190 45392192950619.0 3.006878952576148e+32
191 45956774913243.1 3.0686416957137727e+32
192 46528379070033.21 3.131666281580669e+32
193 47107092762091.55 3.195978296382954e+32
194 47693004416857.16 3.261603839646889e+32
195 48286203561617.61 3.328569534360216e+32
196 48886780837188.805 3.39690253731077e+32
197 49494828011764.836 3.4666305496351476e+32
198 50110437994940.22 3.537781827560277e+32
199 50733704851906.43 3.610385193355861e+32
200 51364723817825.12 3.68447004647569e+32
201 52003591312379.96 3.7600663749697314e+32
202 52650404954509.68 3.8372047670654994e+32
203 53305263577324.14 3.91591642298065e+32
204 53968267243206.07 3.996233166982371e+32
205 54639517259100.61 4.0781874596776786e+32
206 55319116191994.98 4.161812410493665e+32
207 56007167884590.74 4.247141790482901e+32
208 56703777471170.945 4.334210045279343e+32
209 57409051393664.63 4.4230523083893075e+32
210 58123097417911.2 4.5137044146467366e+32
211 58846024650126.984 4.606202914048149e+32
212 59577943553576.695 4.7005850857063754e+32
213 60318965965452.195 4.796888952205098e+32
214 61069205113961.25 4.895153294129265e+32
215 61828775635628.75 4.995417664918008e+32
216 62597793592813.22 5.0977224060516294e+32
217 63376376491441.086 5.202108662365316e+32
218 64164643298961.63 5.3086183978792536e+32
219 64962714462525.21 5.4172944117239015e+32
220 65770711927387.52 5.528180354518065e+32
221 66588759155542.91 5.641320744963477e+32
222 67416981144589.305 5.756760986807641e+32
223 68255504446827.89 5.874547386100679e+32
224 69104457188600.24 5.994727168821346e+32
225 69963969089866.086 6.1173484987645765e+32
226 70834171484024.47 6.2424604958552265e+32
227 71715197337981.52 6.370113254720533e+32
228 72607181272467.77 6.500357863693655e+32
229 73510259582608.19 6.63324642415238e+32
230 74424570258748.14 6.768832070179264e+32
231 75350253007538.23 6.907168988626717e+32
232 76287449273281.5 7.048312439610943e+32
233 77236302259546.12 7.192318777291994e+32
234 78196956951046.94 7.339245471128936e+32
235 79169560135799.05 7.489151127500586e+32
236 80154260427547.03 7.642095511711555e+32
237 81151208288473.2 7.798139570466297e+32
238 82160556052188.11 7.957345454740917e+32
239 83182457947007.2 8.11977654306682e+32
240 84217070119516.86 8.285497465246772e+32
241 85264550658433.61 8.454574126593941e+32
242 86325059618760.1 8.627073732493601e+32
243 87398759046241.42 8.803064813558401e+32
244 88485813002125.8 8.982617251144612e+32
245 89586387588233.06 9.16580230345013e+32
246 90700650972335.06 9.352692631970466e+32
247 91828773413851.64 9.543362328595578e+32
248 92970927289866.31 9.737886943096971e+32
249 94127287121465.48 9.936343511170402e+32
250 95298029600405.23 1.0138810582998472e+33
251 96483333616109.81 1.0345368252381956e+33
252 97683380283005.98 1.0556098186320914e+33
253 98898352968197.28 1.0771083655233463e+33
254 100128437319482.5 1.0990409563686956e+33
255 101373821293722.64 1.1214162481730521e+33
256 102634695185560.77 1.1442430676778472e+33
257 103911251656499.0 1.1675304146091675e+33
258 105203685764337.19 1.1912874649872359e+33
259 106512194992977.75 1.2155235744973763e+33
260 107836979282601.19 1.2402482819191378e+33
261 109178241060216.95 1.2654713126248999e+33
262 110536185270594.28 1.2912025821363897e+33
263 111911019407577.78 1.3174521997525242e+33
264 113302953545792.44 1.344230472239812e+33
265 114712200372743.05 1.3715479075920217e+33
266 116138975221312.88 1.3994152188619865e+33
267 117583496102666.45 1.4278433280548602e+33
268 119045983739561.75 1.456843370102912e+33
269 120526661600076.56 1.4864266969081495e+33
270 122025755931754.44 1.5166048814582028e+33
271 123543495796175.31 1.547389722019354e+33
272 125080113103956.1 1.578793246403993e+33
273 126635842650186.62 1.6108277163197596e+33
274 128210922150306.34 1.643505631793518e+33
275 129805592276427.17 1.6768397356772984e+33
276 131420096694108.3 1.7108430182394006e+33
277 133054682099588.16 1.7455287218308e+33
278 134709598257479.72 1.7809103456475362e+33
279 136385098038933.84 1.8170016505703976e+33
280 138081437460280.89 1.853816664095157e+33
281 139798875722143.78 1.8913696853516822e+33
282 141537675249052.28 1.9296752902167116e+33
283 143298101729532.47 1.9687483365132547e+33
284 145080424156712.97 2.0086039693101835e+33
285 146884914869417.97 2.0492576263093238e+33
286 148711849593789.9 2.0907250433400977e+33
287 150561507485410.84 2.1330222599427224e+33
288 152434171171967.22 2.1761656250586745e+33
289 154330126796425.4 2.2201718028185088e+33
290 156249664060764.44 2.2650577784360326e+33
291 158193076270232.28 2.3108408642096572e+33
292 160160660378172.4 2.3575387056268524e+33
293 162152717031391.38 2.4051692875798897e+33
294 164169550616100.66 2.453750940692709e+33
295 166211469304426.34 2.5033023477601927e+33
296 168278785101497.72 2.5538425503034197e+33
297 170371813893121.8 2.605390955237663e+33
298 172490875494050.6 2.6579673416642895e+33
299 174636293696848.62 2.711591867777084e+33
300 176808396321368.78 2.766285077897988e+33
301 179007515264842.88 2.8220679096308765e+33
302 181233986552595.66 2.8789617011457643e+33
303 183488150389389.5 2.9369881985909743e+33
304 185770351211407.6 2.9961695636358044e+33
305 188080937738883.84 3.0565283811454113e+33
306 190420263029387.38 3.118087666991473e+33
307 192788684531769.6 3.18087087600322e+33
308 195186564140782.38 3.2449019100480794e+33
309 197614268252375.75 3.310205126270763e+33
310 200072167819682.94 3.376805345460752e+33
311 202560638409702.16 3.4447278605735807e+33
312 205080060260683.25 3.5139984454020854e+33
313 207630818340227.97 3.584643363397039e+33
314 210213302404113.1 3.6566893766387867e+33
315 212827907055845.12 3.730163754972369e+33
316 215475031806955.66 3.8050942852952595e+33
317 218155081138046.66 3.881509281009409e+33
318 220868464560595.25 3.9594375916348715e+33
319 223615596679526.97 4.038908612594939e+33
320 226396897256567.34 4.1199522951660814e+33
321 229212791274381.6 4.202599156599628e+33
322 232063709001511.88 4.2868802904232624e+33
323 234950086058122.28 4.372827376916127e+33
324 237872363482561.78 4.4604726937646605e+33
325 240830987798754.56 4.549849126903059e+33
326 243826411084429.22 4.640990181540444e+33
327 246859091040195.9 4.733929993374093e+33
328 249929491059483.22 4.8287033399988896e+33
329 253038080299344.56 4.925345652510235e+33
330 256185333752145.38 5.023893027305871e+33
331 259371732318142.0 5.124382238087905e+33
332 262597762878963.2 5.22685074807025e+33
333 265863918372005.5 5.33133672239579e+33
334 269170697865754.38 5.437879040762911e+33
335 272518606636041.56 5.546517310264986e+33
336 275908156243251.3 5.657291878452111e+33
337 279339864610486.84 5.770243846609936e+33
338 282814256102709.0 5.885415083264154e+33
339 286331861606859.1 6.002848237917094e+33
340 289893218612978.56 6.122586755009537e+33
341 293498871296337.1 6.244674888122951e+33
342 297149370600583.3 6.369157714419569e+33
343 300845274321928.06 6.496081149321711e+33
344 304587147194376.3 6.625491961444896e+33
345 308375560976018.25 6.757437787773756e+33
346 312211094536393.94 6.891967149095553e+33
347 316094333944944.44 7.0291294656939e+33
348 320025872560563.56 7.168975073296378e+33
349 324006311122262.7 7.311555239300641e+33
350 328036257840963.94 7.456922179257267e+33
351 332116328492434.6 7.605129073637996e+33
352 336247146511377.94 7.756230084874095e+33
353 340429343086693.56 7.910280374681556e+33
354 344663557257923.5 8.067336121672896e+33
355 348950436012897.3 8.22745453925895e+33
356 353290634386591.6 8.390693893846377e+33
357 357684815561219.7 8.557113523336848e+33
358 362133650967565.4 8.726773855928144e+33
359 366637820387578.2 8.899736429226438e+33
360 371198012058243.3 9.076063909673249e+33
361 375814922776744.94 9.25582011228661e+33
362 380489258006936.2 9.439070020731553e+33
363 385221731987134.4 9.625879807713742e+33
364 390013067839256.6 9.816316855709241e+33
365 394863997679312.5 1.001044977802919e+34
366 399775262729271.75 1.0208348440230092e+34
367 404747613430322.8 1.0410083981873805e+34
368 409781809557540.2 1.0615728838633296e+34
369 414878620335978.06 1.082535676476694e+34
370 420038824558208.06 1.1039042855948262e+34
371 425263210703318.44 1.1256863572469838e+34
372 430552577057393.9 1.1478896762817216e+34
373 435907731835493.44 1.170522168762835e+34
374 441329493305146.0 1.193591904403669e+34
375 446818689911381.3 1.2171070990400408e+34
376 452376160403316.56 1.2410761171435308e+34
377 458002753962316.94 1.2655074743749623e+34
378 463699330331750.94 1.2904098401783197e+34
379 469466759948358.8 1.315792040416269e+34
380 475305924075255.3 1.3416630600482348e+34
381 481217714936586.8 1.368032045850485e+34
382 487203035853863.1 1.3949083091798043e+34
383 493262801383984.75 1.4223013287809228e+34
384 499397937458985.44 1.450220753638787e+34
385 505609381527524.75 1.478676405875683e+34
386 511898082698107.4 1.507678283694212e+34
387 518265001884138.06 1.5372365643670972e+34
388 524711111950715.94 1.5673616072737405e+34
389 531237397863321.6 1.5980639569845933e+34
390 537844856838286.2 1.6293543463944635e+34
391 544534498495200.1 1.6612436999046545e+34
392 551307345011148.25 1.6937431366547785e+34
393 558164431276933.8 1.7268639738062544e+34
394 565106805055173.8 1.760617729875324e+34
395 572135527140433.5 1.7950161281199423e+34
396 579251671521279.2 1.8300710999782312e+34
397 586456325544420.5 1.86579478856113e+34
398 593750590080819.2 1.9021995521988573e+34
399 601135579693941.4 1.9392979680427227e+34
400 608612422810022.6 1.9771028357226504e+34
401 616182261890531.6 2.0156271810613033e+34
402 623846253606698.5 2.0548842598455393e+34
403 631605569016294.1 2.0948875616562515e+34
404 639461393742527.0 2.1356508137569075e+34
405 647414928155248.0 2.177187985042294e+34
406 655467387554324.4 2.2195132900475115e+34
407 663620002355381.0 2.262641193018663e+34
408 671874018277763.9 2.3065864120459584e+34
409 680230696534929.9 2.351363923260256e+34
410 688691314027116.5 2.396988965092602e+34
411 697257163536496.1 2.4434770426005617e+34
412 705929553924668.5 2.4908439318586176e+34
413 714709810332697.0 2.539105684416417e+34
414 723599274383559.2 2.5882786318243875e+34
415 732599304387160.8 2.6383793902281268e+34
416 741711275547882.4 2.689424865032095e+34
417 750936580174711.0 2.7414322556338764e+34
418 760276627893984.8 2.794419060230422e+34
419 769732845864783.6 2.848403080695635e+34
420 779306678996999.5 2.9034024275326883e+34
421 788999590172118.0 2.9594355249000483e+34
422 798813060466747.2 3.016521115712921e+34
423 808748589378926.1 3.0746782668213752e+34
424 818807695057247.2 3.1339263742662013e+34
425 828991914532830.6 3.194285168612677e+34
426 839302803954181.4 3.2557747203645147e+34
427 849741938824969.8 3.3184154454586198e+34
428 860310914244767.4 3.3822281108409625e+34
429 871011345152779.2 3.447233840126025e+34
430 881844866574605.6 3.5134541193397304e+34
431 892813133872074.5 3.5809108027479836e+34
432 903917822996180.6 3.6496261187711403e+34
433 915160630743170.6 3.7196226759860745e+34
434 926543275013813.6 3.790923469216609e+34
435 938067495075896.4 3.8635518857141894e+34
436 949735051829983.4 3.937531711429316e+34
437 961547728078482.5 4.0128871373746422e+34
438 973507328798057.1 4.0896427660826724e+34
439 985615681415426.1 4.167823618156885e+34
440 997874636086595.2 4.247455138919798e+34
441 1010286065979560.9 4.328563205157563e+34
442 1022851867560529.4 4.411174131963342e+34
443 1035573960883697.9 4.495314679680554e+34
444 1048454289884637.9 4.5810120609468705e+34
445 1061494822677329.2 4.668293947841328e+34
446 1074697551854887.4 4.757188479134557e+34
447 1088064494794031.4 4.84772426764449e+34
448 1101597693963339.9 4.939930407699011e+34
449 1115299217235339.4 5.03383648270568e+34
450 1129171158202475.8 5.1294725728318955e+34
451 1143215636497014.2 5.226869262794968e+34
452 1157434798114920.5 5.326057649765349e+34
453 1171830815743767.8 5.42706935138259e+34
454 1186405889094723.5 5.529936513887761e+34
455 1201162245238665.8 5.63469182037169e+34
456 1216102138946479.2 5.74136849914181e+34
457 1231227853033584.2 5.850000332208778e+34
458 1246541698708750.5 5.960621663894813e+34
459 1262046015927250.8 6.073267409564658e+34
460 1277743173748404.2 6.18797306448122e+34
461 1293635570697571.2 6.304774712787451e+34
462 1309725635132645.2 6.423709036616144e+34
463 1326015825615108.0 6.544813325329122e+34
464 1342508631285695.8 6.668125484887856e+34
465 1359206572244741.8 6.793684047356803e+34
466 1376112199937246.5 6.921528180541294e+34
467 1393228097542738.8 7.051697697761873e+34
468 1410556880369984.5 7.184233067767226e+34
469 1428101196256607.5 7.319175424786351e+34
470 1445863725973678.0 7.45656657872281e+34
471 1463847183635334.8 7.596449025492572e+34
472 1482054317113500.8 7.738865957507199e+34
473 1500487908457759.5 7.883861274304554e+34
474 1519150774320450.8 8.031479593328553e+34
475 1538045766387056.0 8.181766260859746e+34
476 1557175771811934.8 8.334767363099693e+34
477 1576543713659482.8 8.490529737410024e+34
478 1596152551350776.0 8.649100983708276e+34
479 1616005281115769.2 8.810529476023227e+34
480 1636104936451121.5 8.974864374211148e+34
481 1656454588583712.5 9.14215563583558e+34
482 1677057346939927.2 9.312454028211633e+34
483 1697916359620776.0 9.485811140618529e+34
484 1719034813882924.2 9.662279396681244e+34
485 1740415936625705.0 9.841912066924e+34
486 1762062994884188.8 1.0024763281497673e+35
487 1783979296328387.8 1.0210888043083329e+35
488 1806168189768666.0 1.0400342239974182e+35
489 1828633065667438.8 1.059318265933842e+35
490 1851377356657234.5 1.0789467000664538e+35
491 1874404538065201.5 1.0989253889392747e+35
492 1897718128444137.8 1.119260289073361e+35
493 1921321690110124.8 1.1399574523676514e+35
494 1945218829686850.5 1.1610230275191778e+35
495 1969413198656701.5 1.1824632614626257e+35
496 1993908493918708.5 1.204284500829764e+35
497 2018708458353432.2 1.226493193428826e+35
498 2043816881394877.2 1.2490958897441508e+35
499 2069237599609507.2 1.2720992444562846e+35
500 2094974497282514.8 1.2955100179830265e+35
501 2121031507011247.5 1.3193350780412345e+35
502 2147412610306236.5 1.3435814012302431e+35
503 2174121838199432.8 1.3682560746365933e+35
504 2201163271860289.0 1.3933662974608272e+35
505 2228541043219220.2 1.4189193826662254e+35
506 2256259335599106.5 1.4449227586501203e+35
507 2284322384354359.0 1.4713839709377638e+35
508 2312734477518229.5 1.498310683899305e+35
509 2341499956457872.0 1.525710682489903e+35
510 2370623216537855.0 1.5535918740135666e+35
511 2400108707791621.5 1.5819622899106836e+35
512 2429960935601605.0 1.6108300875699325e+35
513 2460184461387500.5 1.640203552164438e+35
514 2490783903303403.5 1.670091098512949e+35
515 2521763936943305.0 1.7005012729658655e+35
516 2553129296055684.5 1.7314427553169887e+35
517 2584884773266662.5 1.7629243607406708e+35
518 2617035220812480.5 1.7949550417553675e+35
519 2649585551280752.0 1.8275438902132808e+35
520 2682540738361279.0 1.860700139317018e+35
521 2715905817605857.5 1.8944331656630342e+35
522 2749685887197884.5 1.928752491312777e+35
523 2783886108731184.0 1.9636677858913223e+35
524 2818511707998876.5 1.999188868714338e+35
525 2853567975791701.5 2.03532571094332e+35
526 2889060268706629.0 2.0720884377698608e+35
527 2924994009965166.0 2.1094873306288357e+35
528 2961374690242199.0 2.147532829441472e+35
529 2998207868504838.0 2.1862355348880513e+35
530 3035499172861888.0 2.225606210711072e+35
531 3073254301423809.5 2.2656557860490872e+35
532 3111479023173392.5 2.306395357801601e+35
533 3150179178847254.5 2.347836193025413e+35
534 3189360681828306.0 2.3899897313628807e+35
535 3229029519049315.5 2.4328675875023737e+35
536 3269191751907711.0 2.476481553671504e+35
537 3309853517191765.0 2.5208436021633077e+35
538 3351021028018291.5 2.565965887896087e+35
539 3392700574782013.0 2.6118607510070187e+35
540 3434898526116730.0 2.6585407194802686e+35
541 3477621329868452.0 2.706018511809694e+35
542 3520875514080624.5 2.754307039697038e+35
543 3564667687991615.5 2.8034194107855208e+35
544 3609004543044606.5 2.8533689314296857e+35
545 3653892853910046.0 2.9041691095018295e+35
546 3699339479520817.5 2.9558336572354143e+35
547 3745351364120285.5 3.0083764941059593e+35
548 3791935538323374.5 3.061811749749939e+35
549 3839099120190847.5 3.1161537669221293e+35
550 3886849316316946.5 3.1714171044918646e+35
551 3935193422930558.0 3.2276165404786987e+35
552 3984138827010077.5 3.284767075127999e+35
553 4033693007412140.0 3.342883934026984e+35
554 4083863536014389.0 3.401982571261615e+35
555 4134658078872458.5 3.462078672614985e+35
556 4186084397391347.0 3.523188158807662e+35
557 4238150349511359.5 3.5853271887804664e+35
558 4290863890908801.5 3.648512163020343e+35
559 4344233076211604.0 3.712759726929734e+35
560 4398266060230073.0 3.778086774240091e+35
561 4452971099202942.5 3.844510450470015e+35
562 4508356552058929.0 3.91204815642869e+35
563 4564430881693976.0 3.9807175517650344e+35
564 4621202656264379.0 4.050536558563216e+35
565 4678680550496009.0 4.121523364985187e+35
566 4736873347009803.0 4.193696428960693e+35
567 4795789937663749.0 4.267074481925426e+35
568 4855439324911565.0 4.341676532607923e+35
569 4915830623178273.0 4.417521870865824e+35
570 4976973060252880.0 4.494630071572068e+35
571 5038875978698385.0 4.573020998551749e+35
572 5101548837279326.0 4.652714808570073e+35
573 5165001212407075.0 4.7337319553723544e+35
574 5229242799603114.0 4.816093193776415e+35
575 5294283414980512.0 4.8998195838181906e+35
576 5360132996743825.0 4.984932494951227e+35
577 5426801606707657.0 5.071453610300688e+35
578 5494299431834099.0 5.159404930972491e+35
579 5562636785789302.0 5.2488087804184706e+35
580 5631824110519404.0 5.33968780885805e+35
581 5701871977846056.0 5.432064997757272e+35
582 5772791091081799.0 5.525963664365843e+35
583 5844592286665530.0 5.621407466312917e+35
584 5917286535818308.0 5.718420406262401e+35
585 5990884946219757.0 5.817026836628495e+35
586 6065398763705321.0 5.9172514643522025e+35
587 6140839373984622.0 6.019119355739646e+35
588 6217218304381204.0 6.122655941362827e+35
589 6294547225593902.0 6.2278870210238284e+35
590 6372837953480125.0 6.3348387687829975e+35
591 6452102450861322.0 6.4435377380521494e+35
592 6532352829350898.0 6.5540108667534005e+35
593 6613601351204867.0 6.666285482544633e+35
594 6695860431195531.0 6.780389308112282e+35
595 6779142638508448.0 6.896350466532401e+35
596 6863460698663010.0 7.014197486700753e+35
597 6948827495456900.0 7.133959308832842e+35
598 7035256072934733.0 7.255665290034913e+35
599 7122759637381191.0 7.379345209946402e+35
600 7211351559338941.0 7.505029276455253e+35
601 7301045375651651.0 7.632748131486573e+35
602 7391854791532422.0 7.762532856865819e+35
603 7483793682657945.0 7.894414980257291e+35
604 7576876097288702.0 8.028426481179018e+35
605 7671116258415540.0 8.164599797094765e+35
606 7766528565932945.0 8.302967829584507e+35
607 7863127598839345.0 8.443563950593886e+35
608 7960928117464781.0 8.586422008764002e+35
609 8059945065726284.0 8.731576335842384e+35
610 8160193573411306.0 8.879061753176167e+35
611 8261688958489551.0 9.028913578288594e+35
612 8364446729453527.0 9.181167631539691e+35
613 8468482587688412.0 9.33586024287258e+35
614 8573812429870850.0 9.49302825864557e+35
615 8680452350398482.0 9.65270904855281e+35
616 8788418643848608.0 9.814940512632208e+35
617 8897727807468566.0 9.979761088364605e+35
618 9008396543695936.0 1.0147209757861964e+36
619 9120441762711252.0 1.0317326055149558e+36
620 9233880585021298.0 1.0490150073539169e+36
621 9348730344075702.0 1.0665722473098698e+36
622 9465008588914894.0 1.0844084488215146e+36
623 9582733086852206.0 1.1025277935256166e+36
624 9701921826188104.0 1.1209345220327803e+36
625 9822593018959414.0 1.1396329347132919e+36
626 9944765103721500.0 1.158627392492828e+36
627 1.0068456748366308e+16 1.1779223176584974e+36
628 1.0193686852974176e+16 1.1975221946750035e+36
629 1.0320474552702418e+16 1.2174315710113692e+36
630 1.0448839220708514e+16 1.2376550579780656e+36
631 1.0578800471110996e+16 1.2581973315749645e+36
632 1.0710378161985812e+16 1.2790631333499473e+36
633 1.0843592398401322e+16 1.3002572712686262e+36
634 1.0978463535489658e+16 1.3217846205949544e+36
635 1.1115012181557688e+16 1.3436501247832905e+36
636 1.1253259201235264e+16 1.365858796381558e+36
637 1.1393225718664038e+16 1.3884157179461842e+36
638 1.1534933120724524e+16 1.411326042968433e+36
639 1.1678403060304734e+16 1.434594996812758e+36
640 1.1823657459607994e+16 1.4582278776668827e+36
641 1.1970718513503424e+16 1.4822300575041878e+36
642 1.2119608692916532e+16 1.5066069830581113e+36
643 1.227035074826356e+16 1.5313641768091945e+36
644 1.2422967712926948e+16 1.5565072379844148e+36
645 1.2577482906775646e+16 1.5820418435694774e+36
646 1.273391993972757e+16 1.6079737493337434e+36
647 1.2892302715358016e+16 1.6343087908684126e+36
648 1.305265543455131e+16 1.661052884637649e+36
649 1.321500259919952e+16 1.688212029043339e+36
650 1.3379369015945516e+16 1.7157923055030718e+36
651 1.354577979997427e+16 1.7437998795421134e+36
652 1.3714260378849596e+16 1.7722410018989577e+36
653 1.388483649640035e+16 1.8011220096451954e+36
654 1.4057534216653208e+16 1.8304493273192912e+36
655 1.4232379927816142e+16 1.8602294680750922e+36
656 1.4409400346309626e+16 1.8904690348445355e+36
657 1.458862252084983e+16 1.9211747215154842e+36
658 1.4770073836580732e+16 1.952353314124143e+36
659 1.4953782019259502e+16 1.9840116920629413e+36
660 1.5139775139492052e+16 2.016156829303376e+36
661 1.5328081617023188e+16 2.0487957956347373e+36
662 1.5518730225078164e+16 2.0819357579181342e+36
663 1.5711750094760224e+16 2.1155839813568185e+36
664 1.590717071950083e+16 2.1497478307822118e+36
665 1.6105021959567274e+16 2.1844347719566108e+36
666 1.6305334046624298e+16 2.2196523728920076e+36
667 1.6508137588354532e+16 2.255408305186004e+36
668 1.671346357313429e+16 2.2917103453742574e+36
669 1.6921343374769534e+16 2.3285663763004015e+36
670 1.7131808757289382e+16 2.3659843885030925e+36
671 1.7344891879799382e+16 2.403972481620606e+36
672 1.7560625301395684e+16 2.4425388658133404e+36
673 1.7779041986140364e+16 2.4816918632042983e+36
674 1.800017530809805e+16 2.5214399093377063e+36
675 1.8224059056435188e+16 2.5617915546560883e+36
676 1.84507274405833e+16 2.6027554659961077e+36
677 1.86802150954665e+16 2.644340428103364e+36
678 1.8912557086793412e+16 2.6865553451661964e+36
679 1.9147788916414896e+16 2.7294092423689374e+36
680 1.9385946527749036e+16 2.772911267464844e+36
681 1.9627066311273604e+16 2.817070692368967e+36
682 1.9871185110086224e+16 2.861896914771039e+36
683 2.0118340225533668e+16 2.907399459768695e+36
684 2.0368569422911812e+16 2.9535879815215276e+36
685 2.0621910937236516e+16 3.0004722649259656e+36
686 2.0878403479085596e+16 3.048062227311241e+36
687 2.113808624051347e+16 3.096367920156759e+36
688 2.140099890104004e+16 3.1453995308313035e+36
689 2.166718163371404e+16 3.1951673843541665e+36
690 2.1936675111251176e+16 3.245681945178456e+36
691 2.2209520512248544e+16 3.2969538189968466e+36
692 2.2485759527477044e+16 3.348993754570314e+36
693 2.2765434366252136e+16 3.401812645579936e+36
694 2.3048587762883036e+16 3.455421532501943e+36
695 2.333526298320215e+16 3.5098316045063984e+36
696 2.3625503831176464e+16 3.565054201380033e+36
697 2.391935465560116e+16 3.621100815473309e+36
698 2.421686035687575e+16 3.6779830936719273e+36
699 2.4518066393864268e+16 3.7357128393931216e+36
700 2.4823018790842736e+16 3.7943020146075997e+36
701 2.5131764144530104e+16 3.853762741886337e+36
702 2.544434963120983e+16 3.914107306473828e+36
703 2.5760823013936796e+16 3.975348158386866e+36
704 2.608123264983712e+16 4.037497914540459e+36
705 2.64056274974955e+16 4.100569360899817e+36
706 2.6734057124437732e+16 4.164575454660196e+36
707 2.7066571714702948e+16 4.2295293264535757e+36
708 2.740322207651345e+16 4.2954442825837294e+36
709 2.774405965003645e+16 4.362333807288915e+36
710 2.808913651524591e+16 4.4302115650336665e+36
711 2.8438505399878572e+16 4.499091402828812e+36
712 2.8792219687492556e+16 4.568987352581468e+36
713 2.9150333425622532e+16 4.6399136334738445e+36
714 2.951290133404005e+16 4.711884654372845e+36
715 2.9879978813112816e+16 4.784915016269195e+36
716 3.025162195227182e+16 4.85901951474814e+36
717 3.0627887538579812e+16 4.9342131424904e+36
718 3.100883306541035e+16 5.0105110918054936e+36
719 3.1394516741230816e+16 5.087928757196129e+36
720 3.1784997498498644e+16 5.166481737955683e+36
721 3.2180335002664184e+16 5.246185840797633e+36
722 3.2580589661289644e+16 5.327057082518833e+36
723 3.2985822633277268e+16 5.409111692695607e+36
724 3.339609583821654e+16 5.492366116414483e+36
725 3.3811471965843332e+16 5.576837017036555e+36
726 3.4232014485621096e+16 5.662541278997537e+36
727 3.465778765643677e+16 5.749496010642059e+36
728 3.5088856536421776e+16 5.837718547094599e+36
729 3.552528699289065e+16 5.927226453165686e+36
730 3.5967145712407824e+16 6.0180375262955e+36
731 3.641450021097506e+16 6.110169799533652e+36
732 3.686741884435019e+16 6.20364154455738e+36
733 3.7325970818489544e+16 6.298471274726757e+36
734 3.779022620012499e+16 6.394677748179301e+36
735 3.826025592746772e+16 6.492279970962578e+36
736 3.873613182105004e+16 6.591297200207131e+36
737 3.9217926594697096e+16 6.691748947338387e+36
738 3.970571386664002e+16 6.793654981329927e+36
739 4.0199568170762264e+16 6.897035331996698e+36
740 4.0699564967990984e+16 7.001910293330637e+36
741 4.120578065782481e+16 7.108300426877165e+36
742 4.1718292590010344e+16 7.216226565155326e+36
743 4.223717907635855e+16 7.325709815119706e+36
744 4.276251940271347e+16 7.436771561667052e+36
745 4.329439384106438e+16 7.549433471185875e+36
746 4.3832883661814136e+16 7.663717495151777e+36
747 4.437807114619442e+16 7.77964587376681e+36
748 4.4930039598841224e+16 7.89724113964582e+36
749 4.548887336052089e+16 8.016526121547908e+36
750 4.605465782102028e+16 8.137523948155888e+36
751 4.662747943219141e+16 8.260258051902303e+36
752 4.720742572116423e+16 8.38475217284438e+36
753 4.7794585303717816e+16 8.51103036258679e+36
754 4.838904789782386e+16 8.639116988254719e+36
755 4.899090433735247e+16 8.769036736515746e+36
756 4.96002465859548e+16 8.900814617653423e+36
757 5.0217167751111816e+16 9.034475969690797e+36
758 5.084176209836441e+16 9.170046462567107e+36
759 5.1474125065713864e+16 9.307552102365413e+36
760 5.2114353278208104e+16 9.447019235595011e+36
761 5.276254456270266e+16 9.588474553525942e+36
762 5.3418797962811976e+16 9.731945096579601e+36
763 5.408321375403986e+16 9.87745825877286e+36
764 5.475589345910505e+16 1.0025041792219645e+37
765 5.5436939863450344e+16 1.017472381168738e+37
766 5.6126457030951816e+16 1.0326532799212413e+37
767 5.682455031981613e+16 1.0480497608771553e+37
768 5.7531326398682936e+16 1.0636647471014115e+37
769 5.824689326292015e+16 1.0795011998051602e+37
770 5.897136025112889e+16 1.0955621188309148e+37
771 5.9704838061849016e+16 1.1118505431436808e+37
772 6.044743877047294e+16 1.1283695513282602e+37
773 6.1199275846371624e+16 1.145122262092842e+37
774 6.196046417023372e+16 1.1621118347789194e+37
775 6.273112005161838e+16 1.1793414698775525e+37
776 6.3511361246726344e+16 1.1968144095521331e+37
777 6.4301306976394024e+16 1.2145339381677268e+37
778 6.510107794431153e+16 1.2325033828270793e+37
779 6.591079635546519e+16 1.2507261139133049e+37
780 6.673058593480938e+16 1.2692055456393766e+37
781 6.756057194617269e+16 1.2879451366045542e+37
782 6.84008812113994e+16 1.3069483903578135e+37
783 6.9251642129726776e+16 1.3262188559682866e+37
784 7.011298469740333e+16 1.3457601286028541e+37
785 7.0985040527553304e+16 1.365575850111041e+37
786 7.186794287028837e+16 1.3856697096172576e+37
787 7.276182663306709e+16 1.4060454441204065e+37
788 7.36668284013076e+16 1.4267068391010193e+37
789 7.458308645925899e+16 1.4476577291360596e+37
790 7.551074081113235e+16 1.468901998521444e+37
791 7.644993320249227e+16 1.4904435819023145e+37
792 7.740080714191427e+16 1.5122864649112092e+37
793 7.836350792291411e+16 1.5344346848143048e+37
794 7.933818264614995e+16 1.5568923311657637e+37
795 8.032498024189811e+16 1.5796635464702173e+37
796 8.132405149280821e+16 1.602752526853578e+37
797 8.23355490569441e+16 1.6261635227423023e+37
798 8.335962749111133e+16 1.6499008395511848e+37
799 8.439644327447213e+16 1.6739688383797136e+37
800 8.544615483245405e+16 1.6983719367171606e+37
801 8.650892256095867e+16 1.7231146091565628e+37
802 8.758490885087155e+16 1.7482013881176686e+37
803 8.867427811287411e+16 1.773636864578882e+37
804 8.977719680256424e+16 1.7994256888183796e+37
805 9.089383344589198e+16 1.8255725711645803e+37
806 9.202435866491189e+16 1.852082282756038e+37
807 9.316894520385256e+16 1.8789596563107713e+37
808 9.432776795551053e+16 1.906209586905267e+37
809 9.550100398797518e+16 1.9338370327632722e+37
810 9.66888325716865e+16 1.9618470160545255e+37
811 9.789143520682597e+16 1.990244623703393e+37
812 9.910899565104821e+16 2.0190350082076395e+37
813 1.0034169994756072e+17 2.0482233884675602e+37
814 1.015897364535529e+17 2.0778150506254753e+37
815 1.0285329586897542e+17 2.1078153489156804e+37
816 1.0413257126567754e+17 2.1382297065250566e+37
817 1.0542775811691003e+17 2.1690636164645213e+37
818 1.0673905432719528e+17 2.2003226424514214e+37
819 1.080666602625654e+17 2.232012419802896e+37
820 1.0941077878117642e+17 2.2641386563404075e+37
821 1.1077161526430658e+17 2.296707133305729e+37
822 1.1214937764774062e+17 2.3297237062883837e+37
823 1.1354427645354043e+17 2.363194306164608e+37
824 1.1495652482221106e+17 2.397124940048117e+37
825 1.163863385452703e+17 2.431521692252812e+37
826 1.1783393609822357e+17 2.4663907252675974e+37
827 1.1929953867394518e+17 2.5017382807432933e+37
828 1.2078337021647355e+17 2.5375706804918823e+37
829 1.2228565745523677e+17 2.5738943274985305e+37
830 1.2380662993968886e+17 2.610715706945887e+37
831 1.2534652007439307e+17 2.648041387251649e+37
832 1.2690556315452504e+17 2.685878021118679e+37
833 1.2848399740183418e+17 2.7242323465987148e+37
834 1.3008206400103565e+17 2.7631111881689437e+37
835 1.3170000713667171e+17 2.8025214578225343e+37
836 1.3333807403041475e+17 2.842470156172352e+37
837 1.3499651497885117e+17 2.8829643735689426e+37
838 1.3667558339171814e+17 2.924011291232077e+37
839 1.3837553583063336e+17 2.9656181823969016e+37
840 1.4009663204828874e+17 3.0077924134740097e+37
841 1.4183913502814965e+17 3.050541445224454e+37
842 1.4360331102462963e+17 3.0938728339490415e+37
843 1.4538942960378333e+17 3.1377942326929716e+37
844 1.4719776368448685e+17 3.1823133924650714e+37
845 1.4902858958014915e+17 3.2274381634728008e+37
846 1.508821870409232e+17 3.273176496372203e+37
847 1.527588392964615e+17 3.3195364435339925e+37
848 1.546588330991837e+17 3.3665261603250265e+37
849 1.5658245876810234e+17 3.414153906406263e+37
850 1.5853001023317354e+17 3.462428047046517e+37
851 1.6050178508021962e+17 3.511357054453129e+37
852 1.6249808459638992e+17 3.5609495091187806e+37
853 1.6451921381620803e+17 3.6112141011856794e+37
854 1.665654815681702e+17 3.6621596318263185e+37
855 1.6863720052194534e+17 3.7137950146420053e+37
856 1.7073468723613997e+17 3.766129277078389e+37
857 1.728582622066792e+17 3.8191715618592128e+37
858 1.750082499157677e+17 3.8729311284374764e+37
859 1.7718497888148157e+17 3.927417354465307e+37
860 1.793887817079546e+17 3.9826397372816514e+37
861 1.8161999513621165e+17 4.0386078954191555e+37
862 1.8387896009561107e+17 4.095331570129335e+37
863 1.8616602175595056e+17 4.152820626927367e+37
864 1.8848152958019693e+17 4.21108505715567e+37
865 1.908258373778964e+17 4.270134979567589e+37
866 1.9319930335922422e+17 4.329980641930334e+37
867 1.9560229018973174e+17 4.39063242264855e+37
868 1.9803516504574912e+17 4.452100832407589e+37
869 2.0049829967050243e+17 4.51439651583794e+37
870 2.029920704309033e+17 4.577530253199891e+37
871 2.0551685837507075e+17 4.641512962089855e+37
872 2.0807304929054214e+17 4.706355699167396e+37
873 2.1066103376323488e+17 4.772069661904566e+37
874 2.1328120723711427e+17 4.838666190356328e+37
875 2.1593397007463136e+17 4.906156768953959e+37
876 2.1861972761788406e+17 4.974553028320057e+37
877 2.2133889025056774e+17 5.043866747107011e+37
878 2.2409187346066752e+17 5.11410985385772e+37
879 2.2687909790395917e+17 5.185294428890349e+37
880 2.2970098946827082e+17 5.25743270620583e+37
881 2.3255797933857334e+17 5.330537075420057e+37
882 2.3545050406285043e+17 5.404620083719409e+37
883 2.3837900561881632e+17 5.479694437841486e+37
884 2.4134393148144445e+17 5.555773006080085e+37
885 2.4434573469133754e+17 5.632868820315333e+37
886 2.4738487392395603e+17 5.71099507806936e+37
887 2.5046181355970787e+17 5.790165144587684e+37
888 2.535770237549018e+17 5.870392554946462e+37
889 2.56730980513583e+17 5.951691016185948e+37
890 2.5992416576027072e+17 6.034074409470985e+37
891 2.631570674136004e+17 6.11755679227841e+37
892 2.6643017946087357e+17 6.202152400611598e+37
893 2.697440020335349e+17 6.287875651242716e+37
894 2.730990414835962e+17 6.374741143983171e+37
895 2.764958104610116e+17 6.462763663982488e+37
896 2.799348279920062e+17 6.55195818405567e+37
897 2.834166195583787e+17 6.642339867039618e+37
898 2.869417171777992e+17 6.7339240681792965e+37
899 2.9051065948510637e+17 6.826726337543633e+37
900 2.9412399181460646e+17 6.920762422471462e+37
901 2.9778226628339514e+17 7.016048270047939e+37
902 3.0148604187572595e+17 7.112600029612244e+37
903 3.0523588452842797e+17 7.210434055296524e+37
904 3.0903236721737606e+17 7.309566908596374e+37
905 3.128760700450368e+17 7.410015360973427e+37
906 3.1676758032911245e+17 7.511796396490655e+37
907 3.2070749269228896e+17 7.614927214480709e+37
908 3.246964091530888e+17 7.71942523224724e+37
909 3.287349392178542e+17 7.825308087800008e+37
910 3.328236999738849e+17 7.932593642624402e+37
911 3.369633161837346e+17 8.041299984485606e+37
912 3.411544203806691e+17 8.151445430267504e+37
913 3.4539765296531206e+17 8.263048528846973e+37
914 3.4969366230350355e+17 8.376128064004542e+37
915 3.540431048253758e+17 8.490703057371144e+37
916 3.584466451256507e+17 8.606792771411709e+37
917 3.6290495606518355e+17 8.724416712445721e+37
918 3.674187188737819e+17 8.84359463370602e+37
919 3.719886232543036e+17 8.96434653843565e+37
920 3.766153674880376e+17 9.0866926830232e+37
921 3.8129965854139514e+17 9.210653580177314e+37
922 3.860422121739398e+17 9.336250002140966e+37
923 3.9084375304776237e+17 9.46350298394613e+37
924 3.957050148382029e+17 9.592433826708664e+37
925 4.006267403459496e+17 9.723064100964264e+37
926 4.056096816105454e+17 9.855415650046564e+37
927 4.106546000253059e+17 9.989510593507293e+37
928 4.15762266453654e+17 1.0125371330578863e+38
929 4.2093346134690106e+17 1.026302054368022e+38
930 4.2616897486350605e+17 1.0402481201966719e+38
931 4.314696069898192e+17 1.0543776564924444e+38
932 4.3683616766231296e+17 1.068693018600896e+38
933 4.4226947689133306e+17 1.0831965916329586e+38
934 4.4777036488640294e+17 1.0978907908379885e+38
935 4.5333967218308736e+17 1.1127780619814931e+38
936 4.5897824977141875e+17 1.1278608817275222e+38
937 4.646869592259214e+17 1.1431417580258356e+38
938 4.704666728372667e+17 1.1586232305039442e+38
939 4.763182737455674e+17 1.1743078708640484e+38
940 4.822426560753137e+17 1.1901982832848856e+38
941 4.882407250719837e+17 1.206297104828595e+38
942 4.9431339724039194e+17 1.2226070058527452e+38
943 5.004616004847004e+17 1.239130690427367e+38
944 5.0668627425023366e+17 1.2558708967573648e+38
945 5.1298836966699386e+17 1.2728303976099972e+38
946 5.1936884969502637e+17 1.2900120007479088e+38
947 5.258286892715265e+17 1.307418549367363e+38
948 5.3236887545984384e+17 1.3250529225421318e+38
949 5.389904076002711e+17 1.3429180356727504e+38
950 5.4569429746277824e+17 1.3610168409415483e+38
951 5.5248156940157555e+17 1.3793523277731934e+38
952 5.593532605116705e+17 1.3979275233011533e+38
953 5.6631042078730016e+17 1.4167454928397976e+38
954 5.7335411328240614e+17 1.435809340362589e+38
955 5.804854142730328e+17 1.4551222089860344e+38
956 5.877054134218198e+17 1.4746872814598855e+38
957 5.950152139444636e+17 1.4945077806632438e+38
958 6.024159327783284e+17 1.514586970107077e+38
959 6.099087007530747e+17 1.5349281544427836e+38
960 6.174946627634892e+17 1.5555346799773265e+38
961 6.25174977944385e+17 1.5764099351945653e+38
962 6.329508198477585e+17 1.5975573512833259e+38
963 6.408233766220658e+17 1.6189804026718354e+38
964 6.487938511938141e+17 1.6406826075690452e+38
965 6.568634614513272e+17 1.6626675285124846e+38
966 6.650334404308801e+17 1.6849387729231732e+38
967 6.733050365050653e+17 1.7074999936672396e+38
968 6.816795135735864e+17 1.7303548896247688e+38
969 6.901581512563388e+17 1.753507206265511e+38
970 6.987422450889796e+17 1.7769607362320165e+38
971 7.074331067208407e+17 1.8007193199298054e+38
972 7.162320641153942e+17 1.824786846125141e+38
973 7.25140461753119e+17 1.849167252550011e+38
974 7.34159660836984e+17 1.8738645265149146e+38
975 7.432910395003935e+17 1.898882705529029e+38
976 7.525359930178122e+17 1.9242258779283847e+38
977 7.618959340179162e+17 1.949898183511602e+38
978 7.713722926994906e+17 1.9759038141838275e+38
979 7.809665170499146e+17 2.0022470146084403e+38
980 7.906800730664649e+17 2.0289320828671526e+38
981 8.005144449802675e+17 2.055963371128071e+38
982 8.104711354831414e+17 2.083345286322362e+38
983 8.205516659571567e+17 2.1110822908291055e+38
984 8.30757576707155e+17 2.139178903168923e+38
985 8.41090427196054e+17 2.167639698706027e+38
986 8.515517962831885e+17 2.19646931035928e+38
987 8.621432824655039e+17 2.225672429321832e+38
988 8.72866504121863e+17 2.2552538057900453e+38
989 8.837230997602783e+17 2.2852182497012036e+38
990 8.947147282683314e+17 2.3155706314807167e+38
991 9.058430691665951e+17 2.346315882798357e+38
992 9.171098228653212e+17 2.3774589973342065e+38
993 9.28516710924205e+17 2.4090050315538783e+38
994 9.400654763154988e+17 2.4409591054936975e+38
995 9.517578836902771e+17 2.473326403555354e+38
996 9.635957196481299e+17 2.5061121753107965e+38
997 9.755807930101316e+17 2.5393217363169228e+38
998 9.877149350952123e+17 2.5729604689404603e+38
999 1e+18 2.6070338231932453e+38
