 rho p
0 34412206.86611683 1.985468858354652e+22
1 35438497.377016075 2.060572193841203e+22
2 36495395.327496275 2.1474538103253464e+22
3 37583812.90287558 2.3036167983048356e+22
4 38704691.798863105 2.380869782034293e+22
5 39858998.8461291 2.492069294266318e+22
6 41047730.73803826 2.660861465672884e+22
7 42271915.57521178 2.7601931282305285e+22
8 43532609.299698845 2.912952506492082e+22
9 44830901.83092857 3.022271076511564e+22
10 46167913.01123458 3.2204417739045206e+22
11 47544799.399141505 3.3454796467002575e+22
12 48962748.92908148 3.5105547180201304e+22
13 50422986.46266165 3.697842821183372e+22
14 51926773.46223611 3.882354295366192e+22
15 53475408.92441059 4.0459962678574605e+22
16 55070229.14417822 4.300371309934747e+22
17 56712612.901941195 4.523397315136312e+22
18 58403978.8958753 4.697160548104599e+22
19 60145786.259437844 4.972584229227014e+22
20 61939541.05609197 5.197401607964334e+22
21 63786791.25350864 5.4862605906049145e+22
22 65689132.85304977 5.7890922868243884e+22
23 67648209.65788484 6.035764422697926e+22
24 69665712.66292875 6.319159716054453e+22
25 71743384.26855043 6.647339347804867e+22
26 73883019.2767755 6.989222987103812e+22
27 76086465.17193493 7.388967991607661e+22
28 78355626.36024894 7.727716727219033e+22
29 80692461.79725236 8.085364453632626e+22
30 83098989.6632795 8.47239070603261e+22
31 85577287.58240986 8.966451527193988e+22
32 88129497.9607612 9.393604546794897e+22
33 90757823.91410045 9.86160088301103e+22
34 93464536.0352548 1.0321894313023417e+23
35 96251971.29540257 1.0844796248110459e+23
36 99122536.9293634 1.1452161445408376e+23
37 102078714.09895714 1.1973809419020388e+23
38 105123053.9977616 1.2591743720179261e+23
39 108258187.08066714 1.3207976216479167e+23
40 111486820.68632577 1.3861827557029938e+23
41 114811742.94433603 1.4589931330637778e+23
42 118235826.78393878 1.5281759790146565e+23
43 121762027.6629537 1.6106866440715565e+23
44 125393392.74856862 1.691952304521107e+23
45 129133057.75556523 1.7778755361636214e+23
46 132984253.44800983 1.860798217133745e+23
47 136950304.42410496 1.9555081359691407e+23
48 141034636.6976802 2.0568371800191524e+23
49 145240778.23361394 2.1615160925810275e+23
50 149572362.23997983 2.2659442128478966e+23
51 154033128.74843618 2.3801890600907063e+23
52 158626930.50983548 2.5040356694851656e+23
53 163357736.35703054 2.6266820586106683e+23
54 168229631.40988722 2.7556519963173886e+23
55 173246822.4414434 2.9003860211387574e+23
56 178413644.90805504 3.041555212623972e+23
57 183734559.4562174 3.196320929245572e+23
58 189214162.47375557 3.3578938653030435e+23
59 194857186.78945518 3.5251454554688595e+23
60 200668506.32466242 3.697350193461039e+23
61 206653139.31178486 3.88324998213407e+23
62 212816254.9970147 4.079718874668059e+23
63 219163176.0646536 4.29001717089808e+23
64 225699385.7687704 4.5011574126899075e+23
65 232430527.76700088 4.727828863036734e+23
66 239362416.5771937 4.962319658867134e+23
67 246501038.249175 5.213604581595243e+23
68 253852559.3365446 5.473138779455505e+23
69 261423328.77264193 5.745893314009644e+23
70 269219884.6648277 6.038550008546026e+23
71 277248961.84412855 6.342474442622311e+23
72 285517494.7184966 6.660264107865344e+23
73 294032624.79060715 6.992062314157985e+23
74 302801705.6090162 7.346512438810254e+23
75 311832311.9658681 7.715105457527314e+23
76 321132243.36419916 8.099937277345998e+23
77 330709531.251105 8.5091138635156e+23
78 340572448.37667286 8.935102490318266e+23
79 350729512.4752538 9.385731460105252e+23
80 361189496.8285953 9.855546040460177e+23
81 371961434.87564284 1.0352365576866618e+24
82 383054630.7667153 1.0872526710443955e+24
83 394478665.3765487 1.1419253913556546e+24
84 406243406.30513716 1.1986904359566762e+24
85 418359012.9970798 1.2591672065237832e+24
86 430835950.80784404 1.3224170233242397e+24
87 443684995.6533751 1.3888608591389483e+24
88 456917245.39128923 1.458441390014765e+24
89 470544128.0432783 1.531828589654062e+24
90 484577413.95057416 1.6083829377045752e+24
91 499029222.5174754 1.6892168771320081e+24
92 513912036.4726703 1.773803744116849e+24
93 529238709.17804146 1.8630822183918334e+24
94 545022479.0173761 1.9565059310285564e+24
95 561276977.5968753 2.0549616119272167e+24
96 578016244.8504151 2.157761373650084e+24
97 595254737.0211092 2.2663848907376925e+24
98 613007344.5093622 2.379635525668158e+24
99 631289398.1665603 2.4995751493811345e+24
100 650116689.8162522 2.624953383148664e+24
101 669505479.4713924 2.757002691963348e+24
102 689472514.3627098 2.894943828337132e+24
103 710035038.200109 3.040673856844381e+24
104 731210812.8482893 3.1926647358590955e+24
105 753018125.488259 3.353324071413331e+24
106 775475812.5222194 3.521693478665458e+24
107 798603270.7756208 3.698023749910483e+24
108 822420473.5996201 3.8843391372438093e+24
109 846947994.1569468 4.079032778603865e+24
110 872207015.3799483 4.283879925164582e+24
111 898219353.9152844 4.498964771482142e+24
112 925007476.942933 4.7245004910073005e+24
113 952594520.3805269 4.96191659982159e+24
114 981004312.2886442 5.210763463167534e+24
115 1010261389.3793099 5.472407899052917e+24
116 1040391021.0622008 5.747444643491608e+24
117 1071419230.961032 6.035977596148681e+24
118 1103372818.296585 6.338628363641043e+24
119 1136279380.883964 6.656634785081903e+24
120 1170167340.1341987 6.99085313702135e+24
121 1205065965.341288 7.341944436294078e+24
122 1241005399.1634953 7.71024546112481e+24
123 1278016682.0517092 8.097173187980327e+24
124 1316131780.4974172 8.503970830094444e+24
125 1355383615.6807473 8.930753035373452e+24
126 1395806088.7427676 9.37936312718564e+24
127 1437434113.8542426 9.849965911896298e+24
128 1480303644.8672903 1.0344216618652468e+25
129 1524451707.8805628 1.0863883333133934e+25
130 1569916435.627647 1.1408702723430946e+25
131 1616737094.9308586 1.198130810864106e+25
132 1664954125.323256 1.258300360869831e+25
133 1714609172.9334664 1.3214706406853e+25
134 1765745125.1228878 1.3878154135434815e+25
135 1818406148.9902673 1.457458463355696e+25
136 1872637727.9714544 1.5306158297703556e+25
137 1928486702.75039 1.6074464076200823e+25
138 1986001310.2911475 1.68818540425012e+25
139 2045231228.3973515 1.7728797536471062e+25
140 2106227612.5547628 1.8619389638013142e+25
141 2169043148.7290254 1.9553571231800763e+25
142 2233732090.2241755 2.0534941187267256e+25
143 2300350309.63645 2.15661686509809e+25
144 2368955347.4423137 2.2648724340614543e+25
145 2439606458.890642 2.378538130240154e+25
146 2512364666.089896 2.497944820326243e+25
147 2587292812.1155634 2.6233486707353343e+25
148 2664455614.657813 2.754990442070634e+25
149 2743919719.5318165 2.893312066183412e+25
150 2825753762.639367 3.0385612900336643e+25
151 2910028426.0209565 3.1910827738896696e+25
152 2996816499.479024 3.351271157341355e+25
153 3086192944.41057 3.5194811323488003e+25
154 3178234957.1043425 3.696162154532126e+25
155 3273022037.105622 3.881710475717442e+25
156 3370636055.2287035 4.076522347730856e+25
157 3471161322.027175 4.281206121025113e+25
158 3574684666.001306 4.4960921248802045e+25
159 3681295502.5659256 4.721783693902973e+25
160 3791085915.235474 4.958796743671718e+25
161 3904150733.4930177 5.207717411607336e+25
162 4020587615.579573 5.469121445164219e+25
163 4140497132.0358086 5.743651230892292e+25
164 4263982852.894163 6.031986057636311e+25
165 4391151437.884458 6.334783001209191e+25
166 4522112727.626748 6.652756819651699e+25
167 4656979837.937191 6.986737635460304e+25
168 4795869259.699115 7.33747961689356e+25
169 4938900958.268315 7.705770251757784e+25
170 5086198475.123562 8.092612709233e+25
171 5237889039.01535 8.49882922977212e+25
172 5394103671.660924 8.925443045938766e+25
173 5554977303.220189 9.373473091000077e+25
174 5720648888.090103 9.844007086966962e+25
175 5891261525.886082 1.0338118783136755e+26
176 6066962582.710027 1.0857082562642792e+26
177 6247903821.868839 1.1402068192403921e+26
178 6434241531.96559 1.1974418127747836e+26
179 6626136663.207126 1.2575530714856551e+26
180 6823754967.258591 1.320679247684674e+26
181 7027267138.83757 1.3869727156047914e+26
182 7236848963.54221 1.4565963111004075e+26
183 7452681471.188824 1.5297105054128556e+26
184 7674951089.296765 1.6065004190833204e+26
185 7903849807.647989 1.6871440788137852e+26
186 8139575342.301227 1.771830080410095e+26
187 8382331304.844939 1.8607716689779453e+26
188 8632327381.435158 1.9541793667352586e+26
189 8889779512.657335 2.0522729035599306e+26
190 9154910079.275867 2.155289170688329e+26
191 9427948094.76296 2.263479067897873e+26
192 9709129404.375954 2.377097435987758e+26
193 9998696886.519657 2.4964245890888595e+26
194 10296900665.820272 2.621738655856339e+26
195 10603998326.215252 2.753342736692446e+26
196 10920255135.229288 2.8915503936208798e+26
197 11245944271.657879 3.0366998021377194e+26
198 11581347063.891676 3.1891340102750625e+26
199 11926753231.130888 3.349218135786967e+26
200 12282461133.91485 3.5173385421176244e+26
201 12648778032.597328 3.6938976792455774e+26
202 13026020351.872662 3.879323219688753e+26
203 13414513956.12182 4.074051971970109e+26
204 13814594428.484535 4.278552989336247e+26
205 14226607361.014017 4.493327068172825e+26
206 14650908656.332333 4.7188804506410453e+26
207 15087864832.183805 4.955752698449879e+26
208 15537853338.400644 5.204515403067114e+26
209 16001262884.278463 5.465762870576973e+26
210 16478493772.651499 5.74012906807376e+26
211 16969958248.744707 6.028263117671891e+26
212 17476080852.83153 6.33086261605366e+26
213 17997298789.635 6.648652137986811e+26
214 18534062305.196907 6.98239362629104e+26
215 19086835076.521477 7.332882665781046e+26
216 19656094610.14001 7.700969549819313e+26
217 20242332658.187298 8.087530295892296e+26
218 20846055639.68883 8.493501254947134e+26
219 21467785082.568336 8.919842567371521e+26
220 22108058069.066803 9.367587282456055e+26
221 22767427704.138905 9.837805351786177e+26
222 23446463591.086567 1.033162799192224e+27
223 24145752324.664375 1.0850241880349272e+27
224 24865897999.300194 1.139488077184882e+27
225 25607522726.85789 1.196686713001992e+27
226 26371267180.737175 1.256755709628408e+27
227 27157791143.174004 1.319840103831079e+27
228 27967774079.180805 1.3860914099836584e+27
229 28801915724.13286 1.455667569908048e+27
230 29660936685.311577 1.528736277663676e+27
231 30545579067.173462 1.6054731738429768e+27
232 31456607113.832188 1.6860612078424093e+27
233 32394807865.86374 1.770694507229297e+27
234 33360991843.170036 1.8595764573893948e+27
235 34355993746.377285 1.9529194220726204e+27
236 35380673174.99369 2.05094821865771e+27
237 36435915374.014084 2.15389741676093e+27
238 37522631997.108795 2.262013688518154e+27
239 38641761893.888504 2.3755570410498559e+27
240 39794271923.30725 2.49479976313347e+27
241 40981157788.681366 2.6200277938127745e+27
242 42203444898.36881 2.7515413171339016e+27
243 43462189250.94656 2.889656675332279e+27
244 44758478350.88906 3.03470452730063e+27
245 46093432147.05696 3.1870321057196307e+27
246 47468203997.70597 3.3470069216183837e+27
247 48883981675.073296 3.5150108026832873e+27
248 50341988384.780556 3.691447596164242e+27
249 51843483827.362015 3.8767404244903944e+27
250 53389765286.169655 4.0713337775944235e+27
251 54982168748.39089 4.275695046328291e+27
252 56622070062.721695 4.4903133473221995e+27
253 58310886125.04093 4.7157040945698557e+27
254 60050076105.485275 4.95240852650586e+27
255 61841142711.5985 5.200993534033842e+27
256 63685633484.29065 5.462056124629317e+27
257 65585142138.581635 5.736222426335995e+27
258 67541309941.04811 6.024149780090077e+27
259 69555827128.1692 6.326529025512879e+27
260 71630434368.58113 6.644085654555392e+27
261 73766924268.4757 6.97758132341755e+27
262 75967142921.11461 7.327816310312717e+27
263 78232991504.71077 7.695630196189629e+27
264 80566427924.64009 8.081905569292872e+27
265 82969468507.50766 8.487569479758187e+27
266 85444189745.8818 8.913594815387349e+27
267 87992730094.56412 9.36100231515202e+27
268 90617291815.80765 9.830866917821559e+27
269 93320142890.54529 1.032431452315967e+28
270 96103618974.47415 1.0842529809478515e+28
271 98970125422.96053 1.1386754857863834e+28
272 101922139367.72742 1.1958295658443626e+28
273 104962211862.44237 1.2558522805441088e+28
274 108092970087.55598 1.3188876484358528e+28
275 111317119625.11533 1.3850868019724116e+28
276 114637446797.41411 1.4546085378191365e+28
277 118056821077.53654 1.5276196851603137e+28
278 121578197574.29497 1.6042953048999007e+28
279 125204619586.38611 1.6848193316898023e+28
280 128939221237.01605 1.769384889211611e+28
281 132785230185.50612 1.8581947702647173e+28
282 136745970417.51265 1.9514621518826232e+28
283 140824865127.86426 2.0494105329931433e+28
284 145025439675.2775 2.152274934638675e+28
285 149351324636.95108 2.260302135720954e+28
286 153806258951.28796 2.3737511824676906e+28
287 158394093152.86136 2.4928941013992324e+28
288 163118792703.3819 2.618016688966024e+28
289 167984441424.8694 2.749419119182508e+28
290 172995245035.9592 2.8874165132839073e+28
291 178155534791.7108 3.0323397673408028e+28
292 183469771231.4795 3.184536458694139e+28
293 188942548040.44907 3.344371677869096e+28
294 194578596027.93008 3.512228756589294e+28
295 200382787222.98105 3.688510203590327e+28
296 206360139090.58527 3.8736388446498843e+28
297 212515818878.90048 4.068058569232235e+28
298 218855148090.00146 4.272235711995504e+28
299 225383607090.98743 4.486659882555893e+28
300 232106839857.8093 4.711845321199165e+28
301 239030658863.50653 4.948332086919586e+28
302 246161050112.98578 5.1966872712546235e+28
303 253504178327.3034 5.457506382658415e+28
304 261066392281.00354 5.731414975935141e+28
305 268854230304.7239 6.01906984171105e+28
306 276874425946.6843 6.321160803540391e+28
307 285133913807.342 6.638412242722563e+28
308 293639835546.41583 6.97158490543974e+28
309 302399546070.0366 7.321477755753665e+28
310 311420619905.9021 7.6889296824263374e+28
311 320710857762.2207 8.074821902226764e+28
312 330278293291.7469 8.480079698279831e+28
313 340131200053.0904 8.90567471732373e+28
314 350278098679.02856 9.352627497696282e+28
315 360727764264.4338 9.822009669141653e+28
316 371489233970.98047 1.0314946657067838e+29
317 382571814860.8453 1.083262041546612e+29
318 393985091966.5025 1.1376272136900967e+29
319 405738936601.981 1.1947205138771065e+29
320 417843514917.0468 1.2546788400197231e+29
321 430309296717.8468 1.3176459380927802e+29
322 443147064543.64734 1.3837727677173755e+29
323 456367923017.66034 1.4532178698940296e+29
324 469983308481.08276 1.526147721408027e+29
325 484004998908.8818 1.602737171351318e+29
326 498445124130.97455 1.683169823186668e+29
327 513316176352.08124 1.7676385052340014e+29
328 528631020993.8818 1.8563457003134323e+29
329 544402907856.0373 1.9495040519157674e+29
330 560645482613.0665 2.0473368832709064e+29
331 577372798659.7034 2.1500787073877112e+29
332 594599329307.4445 2.25797579914706e+29
333 612339980346.535 2.371286795053707e+29
334 630610102989.3363 2.490283283816309e+29
335 649425507192.3961 2.6152505084225428e+29
336 668802475391.4746 2.7464879845212477e+29
337 688757776635.4664 2.8843102664137516e+29
338 709308681151.2059 3.029047687965964e+29
339 730472975345.9585 3.181047135765194e+29
340 752268977255.382 3.340672902530504e+29
341 774715552458.742 3.508307547975176e+29
342 797832130470.7115 3.6843528138403114e+29
343 821638721623.818 3.8692305961090765e+29
344 846155934460.9594 4.063383936424476e+29
345 871404993645.1903 4.267278105082135e+29
346 897407758413.3234 4.481401687319209e+29
347 924186741575.8083 4.7062677902702235e+29
348 951765129096.8119 4.9424152282831064e+29
349 980166800254.5267 5.190409833774695e+29
350 1009416348408.3807 5.4508458281330715e+29
351 1039539102395.252 5.7243472116801154e+29
352 1070561148562.868 6.011569273727743e+29
353 1102509353468.0063 6.313200160101403e+29
354 1135411387257.278 6.629962511745278e+29
355 1169295747748.4438 6.96261520765708e+29
356 1204191785239.344 7.311955162997154e+29
357 1240129728060.291 7.678819243135263e+29
358 1277140708894.7588 8.064086270705516e+29
359 1315256791893.534 8.46867912208662e+29
360 1354511000603.2485 8.893566939963183e+29
361 1394937346737.431 9.339767436315522e+29
362 1436570859810.5845 9.808349339722532e+29
363 1479447617664.8508 1.0300434957885703e+30
364 1523604777920.8103 1.081720282441935e+30
365 1569080610364.7996 1.1359890571640517e+30
366 1615914530323.571 1.1929797842769114e+30
367 1664147133036.403 1.2528289418233006e+30
368 1713820229064.647 1.3156798483706592e+30
369 1764976880771.9585 1.3816830032574025e+30
370 1817661439897.348 1.450996449195589e+30
371 1871919586268.0178 1.5237861476281635e+30
372 1927798367673.7158 1.6002263774457153e+30
373 1985346240951.033 1.680500147260347e+30
374 2044613114294.98 1.7647996395230042e+30
375 2105650390862.8958 1.8533266623222088e+30
376 2168511013680.3777 1.946293136838298e+30
377 2233249511912.19 2.0439216003037864e+30
378 2299922048525.3447 2.1464457389441605e+30
379 2368586469393.5356 2.2541109458545888e+30
380 2439302353884.282 2.3671749070800206e+30
381 2512131066976.2144 2.4859082160993006e+30
382 2587135812948.6846 2.610595021270557e+30
383 2664381690698.173 2.741533702311175e+30
384 2743935750724.063 2.8790375840383346e+30
385 2825867053839.609 3.023435683873362e+30
386 2910246731660.141 3.175073496463336e+30
387 2997148048920.1875 3.334313818658762e+30
388 3086646467677.579 3.501537615248572e+30
389 3178819713464.62 3.6771449259397126e+30
390 3273747843435.1543 3.861555823641672e+30
391 3371513316587.681 4.055211411731285e+30
392 3472201066106.181 4.2585748794440453e+30
393 3575898573899.9756 4.472132605589491e+30
394 3682695947405.4087 4.696395315950484e+30
395 3792685998709.747 4.9318993050286216e+30
396 3905964326085.5547 5.179207710842971e+30
397 4022629397994.3926 5.43891185820226e+30
398 4142782639641.496 5.711632669046103e+30
399 4266528522163.155 5.998022139912557e+30
400 4393974654519.362 6.298764897595574e+30
401 4525231878185.284 6.614579827374564e+30
402 4660414364717.194 6.946221786971922e+30
403 4799639716287.646 7.294483404862778e+30
404 4943029069282.36 7.660196965860436e+30
405 5090707201049.537 8.044236392318187e+30
406 5242802639896.619 8.447519326851837e+30
407 5399447778443.475 8.871009314433307e+30
408 5560778990428.454 9.315718094632203e+30
409 5726936751072.899 9.782708011113552e+30
410 5898065761121.92 1.027309453655729e+31
411 6074315074666.918 1.0788048926785962e+31
412 6255838230871.15 1.1328801005705673e+31
413 6442793389719.316 1.1896642089429604e+31
414 6635343471912.562 1.2492928056491618e+31
415 6833656303042.77 1.3119082569710374e+31
416 7037904762174.432 1.377660045942039e+31
417 7248266934972.439 1.446705127532151e+31
418 7464926271517.955 1.519208301445619e+31
419 7688071748957.189 1.5953426035088405e+31
420 7917898039133.528 1.6752897165770586e+31
421 8154605681358.614 1.7592404018541164e+31
422 8398401260483.275 1.8473949515854483e+31
423 8649497590432.117 1.939963664396897e+31
424 8908113903372.14 2.037167344299726e+31
425 9174476044694.512 2.139237824327734e+31
426 9448816673988.67 2.2464185162882983e+31
427 9731375472194.281 2.358964988034644e+31
428 10022399355131.889 2.4771455689873607e+31
429 10322142693600.766 2.6012419863987545e+31
430 10630867540265.035 2.731550032374366e+31
431 10948843863524.969 2.868380264858933e+31
432 11276349788606.42 3.0120587428476144e+31
433 11613671846086.932 3.162927798445059e+31
434 11961105228097.615 3.321346846990437e+31
435 12318954052441.365 3.487693237469752e+31
436 12687531634872.156 3.662363145422397e+31
437 13067160769805.193 3.845772509476969e+31
438 13458174019709.773 4.038358015099097e+31
439 13860914013472.38 4.240578126350941e+31
440 14275733754001.1 4.452914169686514e+31
441 14702996935382.855 4.675871470318798e+31
442 15143078269871.299 4.909980546185972e+31
443 15596363825046.41 5.155798359694446e+31
444 16063251371440.72 5.41390963273035e+31
445 16544150740988.148 5.684928225971297e+31
446 17039484196631.594 5.969498586367788e+31
447 17549686813436.592 6.268297267064904e+31
448 18075206871595.664 6.582034521713285e+31
449 18616506261691.81 6.911455977795453e+31
450 19174060902614.22 7.257344393003071e+31
451 19748361172536.57 7.620521498070191e+31
452 20339912353372.066 8.001849930871971e+31
453 20949235089143.684 8.402235265801526e+31
454 21576865858707.242 8.822628143761802e+31
455 22223357463303.703 9.264026506762165e+31
456 22889279529402.63 9.72747794335662e+31
457 23575219027344.117 1.0214082149343285e+32
458 24281780806280.73 1.0724993509984915e+32
459 25009588145948.895 1.1261423809729362e+32
460 25759283325821.195 1.1824645074829898e+32
461 26531528212190.26 1.2415992556816212e+32
462 27327004863777.453 1.3036867862473964e+32
463 28146416156467.58 1.3688742237773562e+32
464 28990486427786.906 1.4373160013647376e+32
465 29859962141771.94 1.5091742221239495e+32
466 30755612574894.688 1.5846190384796663e+32
467 31678230523729.383 1.663829050134363e+32
468 32628633035080.383 1.746991721524268e+32
469 33607662159294.875 1.8343038198632193e+32
470 34616185727534.418 1.9259718746170788e+32
471 35655098153785.32 2.0222126595643566e+32
472 36725321262420.42 2.1232536985109904e+32
473 37827805142161.664 2.2293337957868474e+32
474 38963529027311.91 2.3407035927288878e+32
475 40133502207152.71 2.457626151456842e+32
476 41338764964447.445 2.5803775672242993e+32
477 42580389544012.37 2.709247610726153e+32
478 43859481152352.266 2.8445404018367655e+32
479 45177178989393.914 2.9865751163277506e+32
480 46534657313392.21 3.1356867270512125e+32
481 47933126540104.54 3.2922267814222276e+32
482 49373834377391.875 3.456564216770678e+32
483 50858066996417.01 3.629086215562468e+32
484 52387150240680.13 3.810199102289524e+32
485 53962450874150.64 4.000329284101974e+32
486 55585377869820.94 4.199924237245623e+32
487 57257383740028.914 4.4094535415844596e+32
488 58979965909970.9 4.629409965424371e+32
489 60754668135857.445 4.86031060314483e+32
490 62583081969222.35 5.1026980681034766e+32
491 64466848268952.63 5.3571417435244584e+32
492 66407658762652.914 5.624239094124936e+32
493 68407257659030.28 5.904617041376908e+32
494 70467443313027.72 6.198933405492972e+32
495 72590069945514.23 6.507878417271645e+32
496 74777049419388.69 6.832176303207845e+32
497 77030353074031.67 7.17258694730971e+32
498 79352013620108.56 7.529907633309965e+32
499 81744127096786.34 7.904974871130886e+32
500 84208854893525.38 8.298666311527841e+32
501 86748425838660.16 8.711902753224458e+32
502 89365138357075.67 9.145650246865637e+32
503 92061362699377.0 9.600922300370934e+32
504 94839543245016.97 1.0078782190580857e+33
505 97702200881954.31 1.0580345386146042e+33
506 100651935465503.77 1.1106782086992712e+33
507 103691428359126.86 1.1659319885846866e+33
508 106823445060032.02 1.2239246557594931e+33
509 110050837912536.7 1.2847912982544528e+33
510 113376548912270.05 1.3486736209826284e+33
511 116803612604397.55 1.41572026676401e+33
512 120335159079168.53 1.486087152718296e+33
513 123974417068213.58 1.5599378227507947e+33
514 127724717145139.95 1.6374438168887083e+33
515 131589495034101.98 1.7187850582567957e+33
516 135572295030180.08 1.8041502585184574e+33
517 139676773535507.03 1.893737342647834e+33
518 143906702715269.12 1.9877538939366863e+33
519 148265974277830.22 2.0864176201808694e+33
520 152758603383402.22 2.1899568420323785e+33
521 157388732685853.47 2.298611004552229e+33
522 162160636512396.03 2.4126312130441595e+33
523 167078725186109.28 2.5322807942921327e+33
524 172147549496399.38 2.657835884389158e+33
525 177371805322719.2 2.789586044382213e+33
526 182756338417066.8 2.9278349050245597e+33
527 188306149350967.53 3.072900841982088e+33
528 194026398632895.9 3.225117682899741e+33
529 199922412002290.7 3.38483544779082e+33
530 205999685906553.06 3.552421124296785e+33
531 212263893167687.34 3.728259479406472e+33
532 218720888845448.5 3.912753909320383e+33
533 225376716304175.3 4.1063273292027067e+33
534 232237613490716.62 4.309423104651649e+33
535 239310019431166.56 4.522506026793627e+33
536 246600580954420.16 4.746063332994621e+33
537 254116159650842.25 4.980605775268586e+33
538 261863839074697.47 5.226668738555666e+33
539 269850932199281.78 5.484813411134683e+33
540 278084989134077.7 5.755628009541322e+33
541 286573805113574.5 6.039729060459332e+33
542 295325428767798.9 6.337762742165562e+33
543 304348170684976.75 6.650406288219095e+33
544 313650612277130.3 6.978369456202836e+33
545 323241614959871.5 7.322396064452596e+33
546 333130329658048.0 7.68326559982658e+33
547 343326206649367.7 8.061794899710676e+33
548 353839005758612.5 8.458839911584872e+33
549 364678806915497.9 8.875297533626375e+33
550 375856021089791.06 9.312107539973222e+33
551 387381401617793.44 9.770254594421758e+33
552 399266055934855.56 1.0250770356501354e+34
553 411521457729170.75 1.0754735684040668e+34
554 424159459532662.25 1.1283282936499472e+34
555 437192305765434.25 1.1837598383546894e+34
556 450632646250857.6 1.241892472353758e+34
557 464493550219050.4 1.3028563716740474e+34
558 478788520817225.94 1.3667878938394328e+34
559 493531510146041.4 1.4338298656854904e+34
560 508736934841917.0 1.50413188423433e+34
561 524419692225990.1 1.5778506312026017e+34
562 540595177041233.25 1.6551502017401753e+34
563 557279298800115.94 1.736202448022174e+34
564 574488499765996.6 1.8211873383431762e+34
565 592239773592455.9 1.9102933323895046e+34
566 610550684645610.2 2.0037177733939608e+34
567 629439388035524.6 2.101667297906612e+34
568 648924650383837.8 2.204358263945906e+34
569 669025871355738.0 2.312017198326472e+34
570 689763105985633.9 2.4248812639924567e+34
571 711157087826909.0 2.543198748220174e+34
572 733229252957419.6 2.66722957258929e+34
573 756001764873651.5 2.7972458256594373e+34
574 779497540307656.8 2.9335323193269507e+34
575 803740276002380.4 3.0763871698776876e+34
576 828754476482259.9 3.2261224047924387e+34
577 854565482857507.2 3.383064596406401e+34
578 881199502702019.0 3.5475555235679804e+34
579 908683641046349.8 3.7199528624893424e+34
580 937045932528942.1 3.9006309080314934e+34
581 966315374750409.9 4.089981326714481e+34
582 996521962877483.1 4.2884139427990115e+34
583 1027696725545140.5 4.496357558838824e+34
584 1059871762107188.2 4.714260812160109e+34
585 1093080281287788.9 4.942593068784784e+34
586 1127356641288260.8 5.181845356374176e+34
587 1162736391405861.8 5.432531337835313e+34
588 1199256315223309.8 5.695188327297113e+34
589 1236954475430261.8 5.970378350233868e+34
590 1275870260340386.8 6.258689249584327e+34
591 1316044432170054.2 6.560735839790218e+34
592 1357519177147515.5 6.877161110755147e+34
593 1400338157523939.0 7.208637483804958e+34
594 1444546565560648.0 7.555868121815309e+34
595 1490191179569874.8 7.919588295759221e+34
596 1537320422089215.5 8.30056681001637e+34
597 1585984420273463.0 8.699607488882928e+34
598 1636235068590481.5 9.11755072681508e+34
599 1688126093911486.2 9.555275105043562e+34
600 1741713123089585.8 1.001369907730126e+35
601 1797053753124073.0 1.049378272751545e+35
602 1854207624012040.2 1.0996529602431147e+35
603 1913236494392682.8 1.152298862224992e+35
604 1974204320094010.5 1.2074256072492127e+35
605 2037177335696041.8 1.265147768041944e+35
606 2102224139228872.2 1.3255850779486254e+35
607 2169415780129086.5 1.3888626565429113e+35
608 2238825850582470.0 1.4551112447745278e+35
609 2310530580386362.0 1.524467450046255e+35
610 2384608935470235.0 1.5970740016259136e+35
611 2461142720218344.5 1.6730800168150346e+35
612 2540216683744484.0 1.75264127831328e+35
613 2621918630274282.0 1.8359205232346707e+35
614 2706339533797089.5 1.9230877442500984e+35
615 2793573657155806.5 2.014320503349663e+35
616 2883718675749481.0 2.10980425873762e+35
617 2976875806030886.0 2.209732705393678e+35
618 3073149938988068.0 2.314308129855198e+35
619 3172649778806644.0 2.4237417797973113e+35
620 3275487986917472.0 2.5382542490107702e+35
621 3381781331642124.0 2.6580758784012744e+35
622 3491650843657550.5 2.7834471736590327e+35
623 3605221977509563.5 2.9146192402729625e+35
624 3722624779414269.0 3.0518542365909616e+35
625 3843994061596104.5 3.195425845655775e+35
626 3969469583420558.0 3.345619766574628e+35
627 4099196239590615.0 3.502734226211797e+35
628 4233324255685978.5 3.6670805120239034e+35
629 4372009391335619.5 3.8389835268910275e+35
630 4515413151325785.0 4.018782366830801e+35
631 4663703004957131.0 4.206830922517519e+35
632 4817052613977902.0 4.403498505565824e+35
633 4975642069432109.0 4.609170500576107e+35
634 5139658137776165.0 4.824249043979451e+35
635 5309294516630553.0 5.049153730760545e+35
636 5484752100548245.0 5.284322350180518e+35
637 5666239257196821.0 5.5302116516668e+35
638 5853972114366323.0 5.787298142082865e+35
639 6048174858232362.0 6.0560789156403125e+35
640 6249080043319913.0 6.337072517765208e+35
641 6456928914631795.0 6.630819844283752e+35
642 6671971742424103.0 6.937885077346944e+35
643 6894468170129471.0 7.258856659569951e+35
644 7124687575950043.0 7.59434830792231e+35
645 7362909448661601.0 7.945000068964972e+35
646 7609423778192666.0 8.311479417095387e+35
647 7864531461564791.0 8.694482397527993e+35
648 8128544724802721.0 9.094734815805833e+35
649 8401787561448676.0 9.512993475712533e+35
650 8684596188338981.0 9.950047467527135e+35
651 8977319519328130.0 1.0406719508642897e+36
652 9280319657672820.0 1.0883867338652804e+36
653 9593972407815892.0 1.1382385171086685e+36
654 9918667807340976.0 1.1903205204075407e+36
655 1.0254810679897812e+16 1.2447299192305723e+36
656 1.0602821209931146e+16 1.301568008272619e+36
657 1.0963135540079222e+16 1.360940371656314e+36
658 1.1336206392141124e+16 1.4229570600306074e+36
659 1.1722503712550094e+16 1.4877327748432046e+36
660 1.2122515343325178e+16 1.5553870600746145e+36
661 1.2536747719513528e+16 1.6260445017332485e+36
662 1.2965726594176194e+16 1.6998349354230747e+36
663 1.340999779201052e+16 1.7768936623075257e+36
664 1.3870127992748262e+16 1.8573616738067752e+36
665 1.4346705545511454e+16 1.941385885378565e+36
666 1.4840341315356738e+16 2.0291193797471284e+36
667 1.5351669563287874e+16 2.1207216599593177e+36
668 1.5881348861065472e+16 2.216358912662e+36
669 1.6430063042198598e+16 2.3162042820110405e+36
670 1.699852219055536e+16 2.4204381546381537e+36
671 1.7587463668088634e+16 2.5292484561193226e+36
672 1.819765318323265e+16 2.6428309594062782e+36
673 1.882988590158629e+16 2.761389605700689e+36
674 1.9484987600566484e+16 2.8851368382705026e+36
675 2.016381586977892e+16 3.014293949727327e+36
676 2.0867261358924948e+16 3.1490914433049054e+36
677 2.159624907513631e+16 3.289769408700434e+36
678 2.235173973170209e+16 3.436577913062507e+36
679 2.3134731150234804e+16 3.589777407733654e+36
680 2.3946259718399336e+16 3.7496391513789097e+36
681 2.478740190541785e+16 3.916445650158049e+36
682 2.5659275837647868e+16 4.0904911156247146e+36
683 2.6563042936624944e+16 4.272081941063488e+36
684 2.749990962205675e+16 4.4615371970045577e+36
685 2.8471129082351492e+16 4.659189146684566e+36
686 2.947800311537182e+16 4.8653837822541385e+36
687 3.052188404220689e+16 5.0804813825634564e+36
688 3.160417669687081e+16 5.30485709339144e+36
689 3.2726340494951264e+16 5.538901531018601e+36
690 3.3889891584348844e+16 5.783021410079032e+36
691 3.5096405081379388e+16 6.037640196665684e+36
692 3.634751739563568e+16 6.303198787700843e+36
693 3.764492864714412e+16 6.580156217624948e+36
694 3.89904051794937e+16 6.868990393499382e+36
695 4.0385782172756184e+16 7.170198859661428e+36
696 4.1832966360176664e+16 7.484299593117046e+36
697 4.3333938852764216e+16 7.811831830902759e+36
698 4.489075807608246e+16 8.153356930698381e+36
699 4.6505562823711624e+16 8.509459266023738e+36
700 4.818057543202606e+16 8.880747157404511e+36
701 4.99181050811261e+16 9.267853840950021e+36
702 5.172055122694644e+16 9.671438475841214e+36
703 5.359040716976951e+16 1.0092187192288534e+37
704 5.553026376458218e+16 1.0530814181581987e+37
705 5.754281327892289e+16 1.0988062829918844e+37
706 5.963085340410368e+16 1.1464706897764534e+37
707 6.1797291425914904e+16 1.1961551746569982e+37
708 6.4045148561170824e+16 1.2479435614743131e+37
709 6.63775644667096e+16 1.3019230944848663e+37
710 6.879780192771562e+16 1.3581845764086712e+37
711 7.1309251732519944e+16 1.4168225120186773e+37
712 7.391543774130678e+16 1.4779352574935073e+37
713 7.662002215645952e+16 1.5416251757644764e+37
714 7.94268110025872e+16 1.6079987980970506e+37
715 8.233975982458598e+16 1.6771669921562934e+37
716 8.536297961243688e+16 1.7492451368162027e+37
717 8.850074296177397e+16 1.8243533039828555e+37
718 9.175749047962752e+16 1.9026164477123202e+37
719 9.51378374451225e+16 1.9841646009155546e+37
720 9.864658073529134e+16 2.069133079953909e+37
721 1.0228870602658504e+17 2.1576626974414473e+37
722 1.0606939528306826e+17 2.2498999835824966e+37
723 1.099940345427375e+17 2.34599741638626e+37
724 1.1406822201385624e+17 2.4461136611140356e+37
725 1.1829777649366282e+17 2.5504138193284084e+37
726 1.2268874612232349e+17 2.6590696879292e+37
727 1.2724741748548971e+17 2.7722600285756244e+37
728 1.3198032507937835e+17 2.890170847910766e+37
729 1.368942611528289e+17 3.012995689020594e+37
730 1.4199628594137738e+17 3.140935934577266e+37
731 1.4729373830899498e+17 3.2742011221346226e+37
732 1.5279424681374067e+17 3.413009272061918e+37
733 1.5850574121425955e+17 3.557587228622101e+37
734 1.644364644347007e+17 3.70817101472038e+37
735 1.70594985006351e+17 3.865006200870306e+37
736 1.7699021000501594e+17 4.0283482889466453e+37
737 1.83631398503909e+17 4.1984631113163236e+37
738 1.9052817556264368e+17 4.375627245963426e+37
739 1.9769054677370266e+17 4.560128448247863e+37
740 2.0512891338863888e+17 4.752266099963532e+37
741 2.1285408804714938e+17 4.952351676388374e+37
742 2.2087731113306624e+17 5.160709232045881e+37
743 2.292102677823038e+17 5.377675905927263e+37
744 2.3786510556876547e+17 5.6036024469525335e+37
745 2.468544528952744e+17 5.8388537604805e+37
746 2.561914381176758e+17 6.083809476709985e+37
747 2.6588970943135408e+17 6.338864541847713e+37
748 2.7596345555062128e+17 6.604429832954319e+37
749 2.864274272126014e+17 6.880932797415249e+37
750 2.9729695953853216e+17 7.168818118021939e+37
751 3.085879952867174e+17 7.468548404688124e+37
752 3.203171090326985e+17 7.78060491386608e+37
753 3.325015323136909e+17 8.105488296771881e+37
754 3.4515917977574957e+17 8.443719377571244e+37
755 3.583086763637029e+17 8.79583996272487e+37
756 3.719693855954996e+17 9.162413682739995e+37
757 3.861614389642247e+17 9.54402686762359e+37
758 4.009057665128454e+17 9.941289457386297e+37
759 4.1622412862847366e+17 1.0354835948998337e+38
760 4.321391491048425e+17 1.0785326381255469e+38
761 4.4867434952364915e+17 1.1233447359072112e+38
762 4.658541850073817e+17 1.1699913118777243e+38
763 4.83704081398435e+17 1.2185466636054548e+38
764 5.022504739214182e+17 1.2690880778231046e+38
765 5.215208473878989e+17 1.3216959502688613e+38
766 5.4154377800518035e+17 1.3764539103243332e+38
767 5.623489768531184e+17 1.4334489506409948e+38
768 5.839673350956367e+17 1.4927715619547948e+38
769 6.064309709961587e+17 1.5545158732962852e+38
770 6.297732788090048e+17 1.6187797978120921e+38
771 6.540289796216924e+17 1.6856651844222029e+38
772 6.792341742259798e+17 1.7552779755462797e+38
773 7.054263980987429e+17 1.827728371141912e+38
774 7.326446785768544e+17 1.903130999306982e+38
775 7.609295943137654e+17 1.9816050937088767e+38
776 7.903233371088335e+17 2.0632746781133323e+38
777 8.208697762041801e+17 2.14826875829689e+38
778 8.526145251476554e+17 2.2367215216383063e+38
779 8.856050113243014e+17 2.328772544695742e+38
780 9.19890548262988e+17 2.4245670090893257e+38
781 9.555224108289652e+17 2.524255926020956e+38
782 9.925539134176204e+17 2.6279963697767843e+38
783 1.0310404912693399e+18 2.7359517205716757e+38
784 1.0710397850300289e+18 2.8482919171088774e+38
785 1.1126117286870328e+18 2.9651937192437033e+38
786 1.1558186410151762e+18 3.086840981154937e+38
787 1.200725320673137e+18 3.213424935444176e+38
788 1.2473991450960082e+18 3.345144488600187e+38
789 1.2959101733355459e+18 3.482206528282337e+38
790 1.346331253005916e+18 3.62482624289605e+38
791 1.3987381314988096e+18 3.773227453951397e+38
792 1.4532095716384678e+18 3.927642961715995e+38
793 1.5098274719540475e+18 4.0883149046939445e+38
794 1.5686769917535936e+18 4.2554951334831565e+38
795 1.6298466811915666e+18 4.4294455995863274e+38
796 1.6934286165292685e+18 4.6104387597731125e+38
797 1.7595185407956078e+18 4.7987579966152456e+38
798 1.8282160100640136e+18 4.994698055841466e+38
799 1.8996245455696225e+18 5.198565501184124e+38
800 1.9738517919002772e+18 5.410679187417414e+38
801 2.0510096815037284e+18 5.631370752313889e+38
802 2.131214605763445e+18 5.860985128275857e+38
803 2.214587592905469e+18 6.09988107442833e+38
804 2.3012544930090058e+18 6.348431729991002e+38
805 2.3913461704047555e+18 6.60702518978063e+38
806 2.4849987037558584e+18 6.876065102727785e+38
807 2.58235359412848e+18 7.155971294328375e+38
808 2.683557981371238e+18 7.447180413986896e+38
809 2.7887648691351834e+18 7.750146608245864e+38
810 2.898133358879773e+18 8.065342220936972e+38
811 3.0118288932235587e+18 8.393258521329533e+38
812 3.130023509012978e+18 8.734406461395563e+38
813 3.2528961004976123e+18 9.089317463355859e+38
814 3.3806326930153124e+18 9.458544238716546e+38
815 3.5134267276074563e+18 9.842661640056106e+38
816 3.6514793570005494e+18 1.0242267546870692e+39
817 3.794999753408682e+18 1.0657983786840517e+39
818 3.9442054286286935e+18 1.1090457093931998e+39
819 4.099322566919301e+18 1.1540360104808658e+39
820 4.2605863711750487e+18 1.2008392395082402e+39
821 4.428241422925803e+18 1.2495281556996564e+39
822 4.602542056714631e+18 1.3001784320198297e+39
823 4.783752749428035e+18 1.3528687717321323e+39
824 4.972148525176086e+18 1.4076810296170813e+39
825 5.168015376343882e+18 1.4647003380373562e+39
826 5.371650701459874e+18 1.5240152380429368e+39
827 5.583363760553527e+18 1.585717815717984e+39
828 5.803476148700547e+18 1.6499038439788383e+39
829 6.032322288482449e+18 1.7166729300410762e+39
830 6.270249942116401e+18 1.7861286687822833e+39
831 6.517620744040586e+18 1.858378802236028e+39
832 6.774810754773069e+18 1.9335353854623114e+39
833 7.042211036893458e+18 2.011714959049181e+39
834 7.320228254031476e+18 2.0930387285106135e+39
835 7.609285293781873e+18 2.1776327508564062e+39
836 7.909821915500944e+18 2.265628128620513e+39
837 8.222295423979561e+18 2.3571612116462017e+39
838 8.547181370025858e+18 2.452373806937829e+39
839 8.88497427903297e+18 2.551413396901759e+39
840 9.236188408650256e+18 2.6544333663117936e+39
841 9.601358536719944e+18 2.761593238347601e+39
842 9.98104078068946e+18 2.873058920069059e+39
843 1.0375813449756125e+19 2.9890029577034104e+39
844 1.07862779310523e+19 3.1096048021375004e+39
845 1.1213059611231578e+19 3.2350510850231355e+39
846 1.1656808834869193e+19 3.365535905919396e+39
847 1.2118201901149032e+19 3.501261130913439e+39
848 1.2597942100365732e+19 3.642436703178211e+39
849 1.3096760791833119e+19 3.789280965944298e+39
850 1.3615418524853883e+19 3.942020998382209e+39
851 1.4154706204469727e+19 4.100892964910726e+39
852 1.4715446303782734e+19 4.2661424784683724e+39
853 1.5298494124707355e+19 4.438024978305672e+39
854 1.5904739109088635e+19 4.6168061228786863e+39
855 1.6535106202199658e+19 4.802762198447608e+39
856 1.719055727070953e+19 4.996180544007554e+39
857 1.7872092577300101e+19 5.197359993204952e+39
858 1.8580752314193404e+19 5.406611333917806e+39
859 1.931761819794406e+19 5.624257786206045e+39
860 2.008381512794551e+19 5.85063549936635e+39
861 2.088051291119364e+19 6.086094068854385e+39
862 2.170892805595798e+19 6.330997073869261e+39
863 2.257032563711075e+19 6.585722636425134e+39
864 2.346602123597985e+19 6.850664002769562e+39
865 2.4397382957701124e+19 7.126230148040998e+39
866 2.536583352916743e+19 7.412846405094496e+39
867 2.6372852480795832e+19 7.710955118461788e+39
868 2.7419978415459557e+19 8.021016324449498e+39
869 2.85088113680706e+19 8.343508458421084e+39
870 2.9641015259432255e+19 8.678929090347999e+39
871 3.0818320448129606e+19 9.027795689760286e+39
872 3.2042526384376365e+19 9.390646421271892e+39
873 3.331550436988872e+19 9.768040971901637e+39
874 3.463920042802685e+19 1.0160561411461799e+40
875 3.6015638288606446e+19 1.0568813087334744e+40
876 3.744692249196356e+19 1.0993425555012432e+40
877 3.893524161703941e+19 1.143505354582837e+40
878 4.048287163843682e+19 1.1894377973367405e+40
879 4.209217941760623e+19 1.237210698010032e+40
880 4.3765626333516866e+19 1.2868977025849849e+40
881 4.550577205838797e+19 1.338575401975999e+40
882 4.731527848427852e+19 1.392323449750814e+40
883 4.919691380655826e+19 1.4482246845566488e+40
884 5.1153556770534785e+19 1.5063652574394721e+40
885 5.3188201087751184e+19 1.566834764251827e+40
886 5.5303960028735226e+19 1.629726383352586e+40
887 5.750407119925379e+19 1.6951370188102348e+40
888 5.9791901507398664e+19 1.7631674493294265e+40
889 6.2170952329136775e+19 1.8339224831297645e+40
890 6.464486488024781e+19 1.9075111190144744e+40
891 6.721742580290002e+19 1.9840467138764508e+40
892 6.989257297544235e+19 2.063647156898988e+40
893 7.2674401554325496e+19 2.1464350507185418e+40
894 7.556717025743675e+19 2.2325378998280177e+40
895 7.85753078984863e+19 2.322088306509707e+40
896 8.170342018248122e+19 2.415224174598879e+40
897 8.495629677272134e+19 2.512088921391059e+40
898 8.833891864016003e+19 2.6128316980182134e+40
899 9.185646570642147e+19 2.7176076186325598e+40
900 9.551432479220108e+19 2.8265779987497615e+40
901 9.931809788325421e+19 2.93991060311762e+40
902 1.0327361072666778e+20 3.0577799034910604e+40
903 1.0738692177060328e+20 3.1803673467090083e+40
904 1.116643314612468e+20 3.3078616334852125e+40
905 1.1611239191123046e+20 3.440459008340863e+40
906 1.207379169543719e+20 3.578363561124395e+40
907 1.2554799260217426e+20 3.721787540581663e+40
908 1.3054998791812781e+20 3.870951680457722e+40
909 1.357515663265241e+20 4.026085538631439e+40
910 1.411606973731289e+20 4.187427849803326e+40
911 1.4678566895578546e+20 4.3552268922786423e+40
912 1.5263510004371338e+20 4.529740869408707e+40
913 1.5871795390503528e+20 4.711238306276321e+40
914 1.650435518628473e+20 4.89999846223472e+40
915 1.716215876009366e+20 5.096311759933107e+40
916 1.78462142041129e+20 5.300480231488211e+40
917 1.8557569881509252e+20 5.512817982486568e+40
918 1.9297316035435728e+20 5.73365167453028e+40
919 2.0066586462326237e+20 5.963321027067544e+40
920 2.0866560252050194e+20 6.202179339278012e+40
921 2.169846359760109e+20 6.450594032815164e+40
922 2.2563571677095576e+20 6.708947216238583e+40
923 2.3463210610973206e+20 6.977636272003119e+40
924 2.4398759497402912e+20 7.257074466906689e+40
925 2.5371652529018896e+20 7.547691586933459e+40
926 2.6383381194238706e+20 7.849934597468172e+40
927 2.743549656654093e+20 8.16426832989477e+40
928 2.8529611685218245e+20 8.49117619563397e+40
929 2.9667404031262346e+20 8.831160928716696e+40
930 3.085061810217931e+20 9.18474535803281e+40
931 3.208106808969212e+20 9.552473210442133e+40
932 3.336064066443871e+20 9.934909945980186e+40
933 3.469129787194226e+20 1.0332643626441553e+41
934 3.6075080144301346e+20 1.0746285818675081e+41
935 3.751410943222085e+20 1.1176472533977164e+41
936 3.90105924621967e+20 1.162386520502685e+41
937 4.056682412385151e+20 1.2089151701861888e+41
938 4.218519099262403e+20 1.257304738845648e+41
939 4.3868174993222133e+20 1.307629622152352e+41
940 4.561835720946037e+20 1.3599671893227653e+41
941 4.7438421846337113e+20 1.4143979019565405e+41
942 4.933116035042843e+20 1.4710054376235615e+41
943 5.129947569493253e+20 1.5298768183900077e+41
944 5.33463868359348e+20 1.5911025444805375e+41
945 5.5475033346745224e+20 1.6547767332821345e+41
946 5.768868023741624e+20 1.7209972639028476e+41
947 5.999072296684746e+20 1.7898659275076035e+41
948 6.2384692655164e+20 1.861488583661689e+41
949 6.48742615043816e+20 1.9359753229222877e+41
950 6.746324843567687e+20 2.0134406359276043e+41
951 7.015562495191357e+20 2.0940035892430976e+41
952 7.295552123443557e+20 2.177788008235133e+41
953 7.58672324834834e+20 2.2649226672527384e+41
954 7.889522551196394e+20 2.3555414874093565e+41
955 8.204414560270831e+20 2.4497837422686137e+41
956 8.531882363973809e+20 2.5477942717497115e+41
957 8.872428352449627e+20 2.6497237045811147e+41
958 9.226574988841921e+20 2.7557286896438104e+41
959 9.594865611370558e+20 2.8659721365598065e+41
960 9.977865267459048e+20 2.9806234658951007e+41
961 1.03761615811926e+21 3.0998588693611496e+41
962 1.0790365655440067e+21 3.2238615804147868e+41
963 1.1221113010024343e+21 3.352822155671955e+41
964 1.1669064557380811e+21 3.486938767567115e+41
965 1.2134907617203622e+21 3.626417508708242e+41
966 1.2619356971636317e+21 3.771472708394373e+41
967 1.3123155962628067e+21 3.922327261782029e+41
968 1.3647077633138924e+21 4.079212972205564e+41
969 1.419192591394818e+21 4.242370907177618e+41
970 1.4758536857887339e+21 4.412051768616132e+41
971 1.5347779923391634e+21 4.588516277866056e+41
972 1.596055930934304e+21 4.772035576107674e+41
973 1.6597815343253362e+21 4.9628916407660405e+41
974 1.7260525924917736e+21 5.1613777185606534e+41
975 1.7949708027757485e+21 5.367798775861016e+41
976 1.8666419260155725e+21 5.582471967039089e+41
977 1.9411759489184555e+21 5.80572712153825e+41
978 2.018687252921474e+21 6.037907250406051e+41
979 2.099294789800343e+21 6.2793690730693775e+41
980 2.183122264295508e+21 6.5304835651605615e+41
981 2.270298324035824e+21 6.7916365282352156e+41
982 2.3609567570517355e+21 7.063229182257528e+41
983 2.4552366971809814e+21 7.345678781762069e+41
984 2.5532828376824383e+21 7.639419256638875e+41
985 2.655245653385765e+21 7.94490187852488e+41
986 2.761281631718343e+21 8.262595953826047e+41
987 2.8715535129640787e+21 8.592989544433942e+41
988 2.9862305401227575e+21 8.936590217242798e+41
989 3.105488718754005e+21 9.293925823619159e+41
990 3.229511087204648e+21 9.66554531002052e+41
991 3.358487997634177e+21 1.0052019561006985e+42
992 3.492617408270261e+21 1.0453942275941859e+42
993 3.632105187342696e+21 1.0871930880726163e+42
994 3.777165429162772e+21 1.1306627475968126e+42
995 3.928020782832937e+21 1.1758699823042185e+42
996 4.084902794092028e+21 1.2228842369553321e+42
997 4.2480522608207137e+21 1.2717777315780598e+42
998 4.417719602752739e+21 1.3226255723736665e+42
999 4.5941652459601883e+21 1.3755058670547884e+42
