 rho p
0 167.04000004561001 1.5775737770567396e+16
1 173.71507111558452 1.6840053206462744e+16
2 180.6568841263072 1.7976164463475372e+16
3 187.87609832952887 1.91889137450498e+16
4 195.3837989304384 2.048346990449504e+16
5 203.1915141091572 2.186535029344643e+16
6 211.3112327224194 2.3340444294257744e+16
7 219.75542271263689 2.49150383657989e+16
8 228.53705025259114 2.6595842780707096e+16
9 237.66959965517856 2.8390020313639732e+16
10 247.16709407876928 3.030521653070298e+16
11 257.0441170599534 3.2349592630479776e+16
12 267.31583490677195 3.4531859749563084e+16
13 277.9980199868042 3.686131657827208e+16
14 289.1070749458472 3.934788848099713e+16
15 300.66005789441806 4.2002169956820184e+16
16 312.67470860071893 4.483546949625655e+16
17 325.1694757303113 4.78598581882833e+16
18 338.16354517428704 5.1088220562995256e+16
19 351.67686950948155 5.45343095732436e+16
20 365.7301986359461 5.821280523879135e+16
21 380.3451116386953 6.213937699436303e+16
22 395.5440499227039 6.633075020426185e+16
23 411.3503516720107 7.080477755449146e+16
24 427.7882876858109 7.558051480328533e+16
25 444.8830986466222 8.067830181288269e+16
26 462.66103387770283 8.611984917726915e+16
27 481.1493916492719 9.19283303957279e+16
28 500.3765610953663 9.812848028683803e+16
29 520.3720658057672 1.0474670053566669e+17
30 541.1666091599012 1.1181117140366926e+17
31 562.7921214722877 1.1935197193472622e+17
32 585.2818090219995 1.27401207393428e+17
33 608.6702050413866 1.3599314613863573e+17
34 632.9932227423138 1.4516436473739136e+17
35 658.2882104614234 1.5495390367893664e+17
36 684.5940090090214 1.6540343312711277e+17
37 711.9510113097133 1.7655742989979795e+17
38 740.4012244262743 1.8846336630983344e+17
39 769.9883340621055 2.0117191181034022e+17
40 800.7577716412648 2.1473714811398435e+17
41 832.756784069023 2.2921679887203302e+17
42 866.0345062801781 2.4467247439718883e+17
43 900.6420366864272 2.6116993355925277e+17
44 936.6325156387281 2.787793625301201e+17
45 974.0612070250136 2.9757567273285325e+17
46 1012.9855831286926 3.176388186418224e+17
47 1053.465412878177 3.390541368006172e+17
48 1095.5628536228662 3.619127078482386e+17
49 1139.3425465766566 3.8631174280742765e+17
50 1184.871716075467 4.1235499511217504e+17
51 1232.2202728011002 4.4015320054609184e+17
52 1281.4609211301051 4.69824546375592e+17
53 1332.6692707724094 5.014951724664642e+17
54 1385.9239528710295 5.352997055724896e+17
55 1441.3067407413444 5.7138182959220864e+17
56 1498.902675435152 6.098948941861938e+17
57 1558.8001963224526 6.510025642926378e+17
58 1621.091276891278 6.9487951268786e+17
59 1685.8715659743127 7.417121596793036e+17
60 1753.2405346190712 7.91699461927168e+17
61 1823.301628827013 8.450537541863375e+17
62 1896.1624283963913 9.020016475847314e+17
63 1971.9348121125226 9.627849880868e+17
64 2050.7351295393055 1.0276618790466797e+18
65 2132.68437967552 1.0969077721667782e+18
66 2217.908396750548 1.1708166318897654e+18
67 2306.5380434446615 1.2497021771936745e+18
68 2398.709411830407 1.333899207104542e+18
69 2494.56403234396 1.4237650143552095e+18
70 2594.249091107165 1.519680893976163e+18
71 2697.9176559337875 1.6220537526638904e+18
72 2805.728911367382 1.731317825880651e+18
73 2917.84840311136 1.8479365095567928e+18
74 3034.448292226852 1.9724043142848916e+18
75 3155.707619488307 2.1052489503839772e+18
76 3281.8125803031967 2.247033551748203e+18
77 3412.9568106177726 2.3983590488317957e+18
78 3549.3416842476427 2.559866699529741e+18
79 3691.176622090182 2.732240789266493e+18
80 3838.679413693369 2.9162115112915553e+18
81 3992.07655167454 3.112558039065982e+18
82 4151.603579503116 3.322111803787442e+18
83 4317.50545318086 3.545759989905886e+18
84 4490.036917375429 3.784449264202714e+18
85 4669.4628965841885 4.0391897531386854e+18
86 4856.05890192963 4.311059285074154e+18
87 5050.111454210706 4.6012079151036974e+18
88 5251.918523859338 4.910862750992017e+18
89 5461.789988478378 5.241333100393201e+18
90 5680.04810866296 5.594015960177384e+18
91 5907.028022836382 5.970401871271858e+18
92 6143.078261859625 6.372081162147739e+18
93 6388.561284205533 6.800750607383533e+18
94 6643.8540325190925 7.258220528724944e+18
95 6909.348512417885 7.746422367078401e+18
96 7185.452394422386 8.267416757592221e+18
97 7472.589639940019 8.823402139919129e+18
98 7771.201152263521 9.416723939610753e+18
99 8081.745453584359 1.0049884358194573e+19
100 8404.69938906024 1.0725552811595379e+19
101 8740.558859017212 1.1446577059763038e+19
102 9089.83958041187 1.2215995073147036e+19
103 9453.07787872192 1.3037047683814777e+19
104 9830.831511481818 1.3913192073374124e+19
105 10223.680524726915 1.4848116152007262e+19
106 10632.228143662564 1.5845753887627366e+19
107 11057.101698925233 1.6910301646471764e+19
108 11498.953589857038 1.8046235612187785e+19
109 11958.462286274544 1.9258330353481978e+19
110 12436.333370268549 2.055167861537338e+19
111 12933.3006196358 2.1931712414212637e+19
112 13450.127134604585 2.3404225520821236e+19
113 13987.606509586207 2.4975397423227482e+19
114 14546.564051750807 2.6651818864327344e+19
115 15127.858048297543 2.84405190575222e+19
116 15732.381084367044 3.034899468934886e+19
117 16361.061413618942 3.238524082484298e+19
118 17014.86438357778 3.4557783839331217e+19
119 17694.79391793812 3.687571650786097e+19
120 18401.894058104124 3.93487353922231e+19
121 19137.25056632901 4.1987180673527824e+19
122 19901.992592918978 4.4802078589478445e+19
123 20697.2944100592 4.780518664308065e+19
124 21524.37721492609 5.100904176283155e+19
125 22384.51100485188 5.442701160340453e+19
126 23279.016527424006 5.807334918974958e+19
127 24209.267308512353 6.196325111877253e+19
128 25176.691761336613 6.611291954755784e+19
129 26182.775379815772 7.053962821036498e+19
130 27229.063019564717 7.52617927229337e+19
131 28317.16127004284 8.029904544776515e+19
132 29448.74092149368 8.567231521235208e+19
133 30625.539530467617 9.140391218913772e+19
134 31849.364087865488 9.751761826715884e+19
135 33122.09379359728 1.0403878326381439e+20
136 34445.68294212126 1.1099442734826303e+20
137 35822.16392329039 1.1841335007099798e+20
138 37253.650343116955 1.2632624641737433e+20
139 38742.34026924295 1.3476583033029385e+20
140 40290.51960610504 1.4376696617358225e+20
141 41900.56560497433 1.5336680863716586e+20
142 43574.95051425756 1.6360495161585353e+20
143 45316.24537567068 1.745235866260098e+20
144 47127.123972111156 1.861676713591317e+20
145 49010.36693328743 1.985851090082763e+20
146 50968.86600541656 2.118269390408497e+20
147 53005.628491542986 2.259475401341025e+20
148 55123.781869292754 2.4100484603144284e+20
149 57326.57859316161 2.5706057512456395e+20
150 59617.40108870442 2.7418047461484154e+20
151 61999.76694629971 2.924345801590149e+20
152 64477.33432245713 3.118974919580823e+20
153 67053.90755697014 3.326486683068696e+20
154 69733.44301453601 3.547727376819783e+20
155 72520.05515980694 3.783598305100559e+20
156 75418.02287521148 4.035059318274234e+20
157 78431.79603123855 4.3031325611286344e+20
158 81566.0023192796 4.588906456522894e+20
159 84825.45435751136 4.893539938742617e+20
160 88215.15708074145 5.2182669517998745e+20
161 91740.31542555983 5.5644012288148963e+20
162 95406.34232258916 5.933341369562798e+20
163 99218.86700812008 6.326576234273385e+20
164 103183.7436678828 6.745690672821204e+20
165 107307.06042623633 7.192371609569506e+20
166 111595.14869456521 7.668414505303005e+20
167 116054.59289325908 8.175730218931167e+20
168 120692.24056217886 8.716352292954702e+20
169 125515.2128751559 9.292444688076138e+20
170 130530.91557465491 9.906309993789954e+20
171 135747.0503434021 1.0560398143340473e+21
172 141171.62663042365 1.1257315663048826e+21
173 146812.97394967295 1.1999835487735288e+21
174 152679.7546701227 1.27909073757665e+21
175 158780.9773169505 1.3633668959164052e+21
176 165126.01040426374 1.4531457466222557e+21
177 171724.59682058552 1.5487822156203871e+21
178 178586.8687892061 1.6506537507906058e+21
179 185723.36342635017 1.7591617206257475e+21
180 193145.03892107462 1.8747328973575495e+21
181 200863.29136173154 1.9978210294728213e+21
182 208889.97223481702 2.1289085088203612e+21
183 217237.4066231072 2.2685081377987216e+21
184 225918.41213099717 2.4171650024197136e+21
185 234946.31856612666 2.575458457366252e+21
186 244334.98840748152 2.744004229499385e+21
187 254098.83809143706 2.9234566466294084e+21
188 264252.860148412 3.1145109987396346e+21
189 274812.6462241046 3.3179060392478e+21
190 285794.41102069773 3.534426634308453e+21
191 297215.01719477726 3.764906568596255e+21
192 309092.0012501735 4.0102315164743636e+21
193 321443.6004655253 4.2713421879375624e+21
194 334288.7808978962 4.549237659233115e+21
195 347647.2665054162 4.844978898599933e+21
196 361539.56943371927 5.159692498137864e+21
197 375987.0215126375 5.494574623412567e+21
198 391011.8070115504 5.85089519303548e+21
199 406636.996703639 6.230002301116613e+21
200 422886.58329140494 6.633326896189645e+21
201 439785.51824782894 7.062387730941107e+21
202 457359.7501297049 7.518796597848237e+21
203 475636.26442204503 8.004263866647154e+21
204 494643.12497468264 8.520604340407038e+21
205 514409.51709474454 9.069743447891503e+21
206 534965.7923610982 9.65372379083564e+21
207 556343.5152296618 1.0274712065771406e+22
208 578575.5115011098 1.0935006381085594e+22
209 601695.9187253484 1.163704399110343e+22
210 625740.2386202508 1.238340947016284e+22
211 650745.3915850635 1.3176843350871095e+22
212 676749.7733922512 1.4020251252034944e+22
213 703793.3141447417 1.4916713523115802e+22
214 731917.5395892395 1.586949543350622e+22
215 761165.634879594 1.6882057936429449e+22
216 791582.5108882721 1.7958069038866883e+22
217 823214.8731676673 1.9101415810592426e+22
218 856111.2936672042 2.0316217067167464e+22
219 890322.2853162598 2.1606836763608203e+22
220 925900.3795875476 2.297789813741024e+22
221 962900.2071600134 2.4434298641678565e+22
222 1001378.5818050269 7.606574712678317e+22
223 1041394.5876248169 8.09844937618972e+22
224 1083009.6697769975 8.584207313969778e+22
225 1126287.728824576 9.117347386173165e+22
226 1171295.2188561927 9.696741658190951e+22
227 1218101.2495274162 1.0282720585140197e+23
228 1266777.692179709 1.090521046089502e+23
229 1317399.290199921 1.1576632769083795e+23
230 1370043.7737899476 1.226511641161081e+23
231 1424791.9793226344 1.3024508525009372e+23
232 1481727.9734673256 1.3828228913009247e+23
233 1540939.1822754699 1.465395694819189e+23
234 1602516.5254247126 1.5567562976082552e+23
235 1666554.5558275222 1.6517094310985072e+23
236 1733151.6048185837 1.7515241371064765e+23
237 1802409.9331441564 1.857025708573795e+23
238 1874435.8879850286 1.9714386637722108e+23
239 1949340.0662543485 2.0881977245353265e+23
240 2027237.4844208255 2.218095257846721e+23
241 2108247.755118464 2.349783296632056e+23
242 2192495.27081355 2.4911960447851386e+23
243 2280109.3948113327 2.6398231337767153e+23
244 2371224.659895406 2.7983957309716868e+23
245 2465980.9749050383 2.9662124592165444e+23
246 2564523.8395673237 3.145468721587127e+23
247 2667004.5679144193 3.333789907989608e+23
248 2773580.520628756 3.532443046306918e+23
249 2884415.3466727957 3.7441445834462716e+23
250 2999679.234574762 3.9666829439070344e+23
251 3119549.1737558674 4.2024625254273415e+23
252 3244209.2263005744 4.450268796095312e+23
253 3373850.8095868058 4.7148749653927227e+23
254 3508672.9902105676 4.994889222837374e+23
255 3648882.789656103 5.288880174390797e+23
256 3794695.5021806615 5.602344520885202e+23
257 3946335.025402549 5.931636454955642e+23
258 4104034.2040996216 6.280244068748163e+23
259 4268035.1877465015 6.651858240771488e+23
260 4438589.802338974 7.041345443239307e+23
261 4615959.937077359 7.456626962000733e+23
262 4800417.94650162 7.892279947154517e+23
263 4992247.068696574 8.353793819228991e+23
264 5191741.860208789 8.842542918937965e+23
265 5399208.6483434355 9.356520982761645e+23
266 5614966.00153496 9.902184611459062e+23
267 5839345.218514614 1.0478628828372877e+24
268 6072690.837025634 1.1089413197392833e+24
269 6315361.162866775 1.1732749866831561e+24
270 6567728.820077421 1.2412399215254845e+24
271 6830181.323108368 1.3129344163072352e+24
272 7103121.6718574595 1.3891347767974613e+24
273 7386968.970482896 1.469252321032397e+24
274 7682159.070945458 1.554035644234276e+24
275 7989145.242267355 1.6434100610308673e+24
276 8308398.866534814 1.7382938200546334e+24
277 8640410.162714241 1.8380686888998848e+24
278 8985688.939392457 1.9435296882530107e+24
279 9344765.377597654 2.0551283015052293e+24
280 9718190.84490187 2.1729011545301604e+24
281 10106538.742056975 2.2970866535994976e+24
282 10510405.383461993 2.4285425317515006e+24
283 10930410.91281566 2.567006127824441e+24
284 11367200.25535904 2.71352722657241e+24
285 11821444.108170772 2.868257944353616e+24
286 12293839.970036007 3.031635051711829e+24
287 12785113.212469008 3.0499526666475027e+24
288 13296018.19353638 3.0509696992226543e+24
289 13827339.416188408 3.0508790151841874e+24
290 14379892.732879665 3.0514995988981225e+24
291 14954526.598326983 3.052491405064119e+24
292 15552123.372329637 3.053124156585827e+24
293 16173600.674650516 3.05349882386491e+24
294 16819912.794040848 3.0540785823630565e+24
295 17492052.153571244 3.0547798249944247e+24
296 18191050.834517725 3.055134108336407e+24
297 18917982.1611453 3.0561336362863684e+24
298 19673962.34882043 3.056507344460685e+24
299 20460152.21798492 3.0576257641508e+24
300 21277758.976620425 3.05832602619568e+24
301 22128038.07394384 3.059243196551465e+24
302 23012295.128178433 3.0597389383678806e+24
303 23931887.931359425 3.0604108319275104e+24
304 24888228.534255624 3.0615027657035186e+24
305 25882785.41460587 3.062214188477042e+24
306 26917085.732002012 3.0638172895867053e+24
307 27992717.672877274 3.0647704943222155e+24
308 29111332.88920642 3.066192360307381e+24
309 30274649.03465595 3.0669319983518984e+24
310 31484452.402084325 3.068270110089496e+24
311 32742600.666438557 3.0691826340338525e+24
312 34051025.737261795 3.0709208279483223e+24
313 35411736.725187905 3.0725838834780597e+24
314 36826823.026983224 3.0739795718610334e+24
315 38298457.533870615 3.0759476198165227e+24
316 39828899.96805921 3.077446695607498e+24
317 41420500.3526094 3.0796050468841194e+24
318 43075702.619955786 3.0815922137139486e+24
319 44797048.36463367 3.0837891342718946e+24
320 46587180.74596562 3.0860584040666605e+24
321 48448848.54670758 3.088544236306551e+24
322 50384910.39388397 3.090823688682233e+24
323 52398339.148289435 3.093752846482625e+24
324 54492226.46940451 3.096827559250691e+24
325 56669787.562729314 3.0996224237957583e+24
326 58934366.11682964 3.1029058805020097e+24
327 61289439.437668785 3.106580016201105e+24
328 63738623.7881218 3.110645974449082e+24
329 66285679.94085644 3.1140009480411513e+24
330 68934518.95312056 3.1186399553414144e+24
331 71689208.17229564 3.1227790583485476e+24
332 74553977.4814405 3.1277340458694475e+24
333 77533225.794419 3.132799074341477e+24
334 80631527.8105757 3.138078533618597e+24
335 83853641.03934737 3.143664612330863e+24
336 87204513.10557891 3.1500019631520474e+24
337 90689289.34677759 3.156747265352716e+24
338 94313320.71396084 3.1637343725730404e+24
339 98082171.98823866 3.1710594691686073e+24
340 102001630.32573503 3.1789201433399927e+24
341 106077714.14398508 3.1874879164065223e+24
342 110316682.36344635 3.196697280030289e+24
343 114725044.01830816 3.2060334409672564e+24
344 119309568.25137243 3.2160795494232315e+24
345 124077294.70834108 3.2270887310934865e+24
346 129035544.34748189 3.2382791944180553e+24
347 134191930.68125616 3.2511779781940514e+24
348 139554371.46719003 3.264195239965661e+24
349 145131100.86593297 3.277908219237419e+24
350 150930682.0851627 3.292918783879233e+24
351 156962020.5287742 3.3088051434394003e+24
352 163234377.47152597 3.326176820342943e+24
353 169757384.28015584 3.3443059877275615e+24
354 176541057.202792 3.364031682623397e+24
355 183595812.7493747 3.3843253031457315e+24
356 190932483.68671566 3.4065782032839733e+24
357 198562335.67274433 3.4299810561918725e+24
358 206497084.55549052 3.455033299608356e+24
359 214748914.3633691 3.481140862372519e+24
360 223330496.01438612 3.510368032432358e+24
361 232255006.77302125 3.5403805553601274e+24
362 241536150.4846084 3.5729490058088334e+24
363 251188178.6183608 3.607747970258601e+24
364 261225912.15129903 3.644575055882489e+24
365 271664764.3267113 3.684030235061965e+24
366 282520764.32208866 3.7254752509686306e+24
367 293810581.86287796 3.770856690145481e+24
368 305551552.819877 3.818488920451777e+24
369 317761705.8295107 3.869285577456524e+24
370 330459789.9779602 3.9238596074324584e+24
371 343665303.5915906 3.9817807953608783e+24
372 357398524.17791307 4.043684034137889e+24
373 371680539.56306034 4.1099183362718867e+24
374 386533280.27358174 4.1802448692477174e+24
375 401979553.21232593 4.255703884747888e+24
376 418043076.6800311 4.3357891265002645e+24
377 434748516.7965288 4.4218066988186807e+24
378 452121525.3773996 4.513142431403139e+24
379 470188779.3242768 4.6105911752352426e+24
380 488978021.58932805 4.714913494557842e+24
381 508518103.7767114 4.826169679867241e+24
382 528839030.4465753 4.943958401857422e+24
383 549972005.1895335 5.070486568520452e+24
384 571949478.5424112 5.205436156116412e+24
385 594805197.8188407 5.349900618959194e+24
386 618574258.9312242 5.50346640913194e+24
387 643293160.2837055 5.667917544313627e+24
388 668999858.8187636 5.842533844595701e+24
389 695733828.303705 6.029707395232005e+24
390 723536119.9464118 6.229665760569102e+24
391 752449425.4335005 6.442358435097161e+24
392 782518142.4876873 6.669396102142964e+24
393 813788443.0450288 6.91174389490705e+24
394 846308344.1568204 7.170453582290537e+24
395 880127781.7248453 7.446826046782553e+24
396 915298687.1834704 7.741702076092266e+24
397 951875067.2461663 8.056188657035191e+24
398 989913086.8389992 8.39236911341753e+24
399 1029471155.3484502 8.750531410863884e+24
400 1070610016.3160025 9.133167940494177e+24
401 1113392840.7173562 9.54145300805482e+24
402 1157885323.9692695 9.977246166022845e+24
403 1204155786.8133507 1.0441786650260556e+25
404 1252275280.2314906 1.0938565428608217e+25
405 1302317694.554165 1.1468086081299339e+25
406 1354359872.9291663 1.2033804891742791e+25
407 1408481729.3250072 1.2637214475196123e+25
408 1464766371.250375 1.328190193810785e+25
409 1523300227.3777716 1.3969640590421624e+25
410 1584173180.2678096 1.470351930263352e+25
411 1647478704.3976693 1.5487127684393884e+25
412 1713314009.7058542 1.6323342264256096e+25
413 1781780190.87369 1.7216099142716488e+25
414 1852982382.5728166 1.8168736467873297e+25
415 1927029920.9173095 1.9185934627099254e+25
416 2004036511.3679535 2.0271312280378543e+25
417 2084120403.3471549 2.143033512824009e+25
418 2167404571.832256 2.2667322302570476e+25
419 2254016906.2063375 2.3987214900679545e+25
420 2344090406.6565604 2.5396012238079727e+25
421 2437763388.421664 2.6900311910954633e+25
422 2535179694.202583 2.8506012696992406e+25
423 2636488915.0618625 3.0219874480544225e+25
424 2741846620.1519527 3.2049677638988336e+25
425 2851414595.624674 3.400215783654714e+25
426 2965361093.089013 3.6086440874279784e+25
427 3083861087.9991393 3.831154059086131e+25
428 3207096548.3688374 4.068622474588186e+25
429 3335256714.2260633 4.322132900764816e+25
430 3468538388.2362022 4.592751530119291e+25
431 3607146237.940715 4.881589186593474e+25
432 3751293110.075439 5.189910704610079e+25
433 3901200357.4512777 5.519064450883203e+25
434 4057098178.8998423 5.870410022326153e+25
435 4219225972.805283 6.245356492021135e+25
436 4387832704.766671 6.645712669190014e+25
437 4563177289.954813 7.073035635442615e+25
438 4745528990.751224 7.52911732471027e+25
439 4935167830.280112 8.015985333215267e+25
440 5132385022.468549 8.535734505218657e+25
441 5337483419.296033 9.09051899466632e+25
442 5550777975.919312 9.682726733351652e+25
443 5772596234.38869 1.0314875937677268e+26
444 6003278826.697744 1.0989703941198685e+26
445 6243179997.93981 1.1709993471435258e+26
446 6492668150.374888 1.2478937416592117e+26
447 6752126409.242825 1.3299723557549494e+26
448 7021953211.192702 1.4175907573640498e+26
449 7302562916.230902 1.5111136610019494e+26
450 7594386444.130255 1.610943676899478e+26
451 7897871936.276518 1.717516533955706e+26
452 8213485443.969682 1.831273872624103e+26
453 8541711644.237705 1.952702962337506e+26
454 8883054584.262325 2.0823296028584687e+26
455 9238038455.561756 2.2207030873782782e+26
456 9607208399.117697 2.3684073158969498e+26
457 9991131342.686705 2.5260766955272047e+26
458 10390396871.58049 2.6943830155179183e+26
459 10805618134.254044 2.8740498435909422e+26
460 11237432784.093185 3.065834550566939e+26
461 11686503958.848537 3.270557108526777e+26
462 12153521299.222273 3.247392534531239e+26
463 12639202008.170218 3.463414940254437e+26
464 13144291952.55095 3.693760658098378e+26
465 13669566808.812279 3.939375514828111e+26
466 14215833254.47696 4.201267472432523e+26
467 14783930207.258703 4.480510683261689e+26
468 15374730113.712759 4.778249807573892e+26
469 15989140289.403156 5.095704610284989e+26
470 16628104312.642797 5.43417485476871e+26
471 17292603473.953632 5.795045512684723e+26
472 17983658283.471207 6.179792310000067e+26
473 18702330038.611736 6.589987630638558e+26
474 19449722454.41363 7.027306800537607e+26
475 20226983359.05264 7.493534776313663e+26
476 21035306457.149857 7.990573264262712e+26
477 21875933163.56785 8.520448297012359e+26
478 22750154510.526688 9.085318296863036e+26
479 23659313130.965206 9.687482656652163e+26
480 24604805321.198235 1.0329390870898067e+27
481 25588083186.043514 1.1013652252014766e+27
482 26610656869.710224 1.1743046268539779e+27
483 27674096875.887177 1.252053354461353e+27
484 28780036480.592358 1.334926756236371e+27
485 29930174241.496014 1.4232607111423133e+27
486 31126276607.575626 1.5174129532531492e+27
487 32370180633.115246 1.617764480505691e+27
488 33663796800.225765 1.7247210531334334e+27
489 35009111954.21916 1.8387147873947876e+27
490 36408192356.361084 1.9602058505530194e+27
491 37863186858.689285 2.0896842634270862e+27
492 39376330205.783714 2.2276718172181864e+27
493 40949946468.566154 2.374724111723829e+27
494 42586452615.41021 2.5314327224823596e+27
495 44288362226.058815 2.698427504847564e+27
496 46058289354.05183 2.8763790434743653e+27
497 47898952543.61885 3.0660012562095934e+27
498 49813179007.20641 3.268054161919669e+27
499 51803908970.07039 3.483346822359608e+27
500 53874200188.617 3.712740468791104e+27
501 56027232649.442955 3.9571518246957556e+27
502 58266313456.310265 4.2175566366046605e+27
503 60594881912.56144 4.4949934257761224e+27
504 63016514806.81349 4.7905674742094557e+27
505 65534931910.05084 5.10545505927421e+27
506 68154001692.582085 5.440907952075416e+27
507 70877747269.65697 5.798258195560367e+27
508 73710352584.89355 6.17892317930701e+27
509 76656168841.03856 6.584411028920873e+27
510 79719721187.94164 7.016326329003626e+27
511 82905715678.06084 7.476376199757974e+27
512 86219046500.18877 7.966376748442911e+27
513 89664803502.53935 8.488259918113333e+27
514 93248280016.78676 9.04408075736021e+27
515 96974980995.0682 9.636025136110381e+27
516 100850631472.54005 1.0266417933979314e+28
517 104881185368.44113 1.0937731729142987e+28
518 109072834639.27695 1.1652596017287267e+28
519 113432018798.18584 1.2413806991829548e+28
520 117965434815.15419 1.322433791834887e+28
521 122680047413.34003 1.4087350137984165e+28
522 127583099777.31787 1.5006204736462713e+28
523 132682124689.81892 1.5984474917450693e+28
524 137984956114.02036 1.702595912098961e+28
525 143499741239.30582 1.8134694930021564e+28
526 149234953009.00912 1.9314973810294208e+28
527 155199403149.45108 2.0571356731365793e+28
528 161402255720.35498 2.1908690718962936e+28
529 167853041207.4809 2.3332126391579758e+28
530 174561671179.24023 2.484713653699113e+28
531 181538453529.8388 2.6459535787222107e+28
532 188794108332.45117 2.817550145353955e+28
533 196339784326.85428 3.0001595586168993e+28
534 204187076066.92603 3.1944788326711382e+28
535 212348041754.45734 3.40124826246447e+28
536 220835221786.71506 3.621254039281833e+28
537 229661658046.40985 3.855331018055287e+28
538 238840913963.75702 4.104365644674513e+28
539 248387095381.57382 4.369299051934733e+28
540 258314872255.58044 4.651130333167649e+28
541 268639501223.35352 4.9509200030238915e+28
542 279376849076.75806 5.26979365531292e+28
543 290543417173.9845 5.608945828253764e+28
544 302156366828.921 5.969644087957247e+28
545 314233545716.9495 6.353233341431674e+28
546 326793515337.9141 6.761140390894065e+28
547 339855579578.6113 7.194878741666782e+28
548 353439814418.8525 7.656053676448479e+28
549 367567098826.94904 8.146367609267634e+28
550 382259146892.19434 8.667625732949014e+28
551 397538541244.021 9.221741974462197e+28
552 413428767809.3041 9.810745273051544e+28
553 429954251961.46655 1.043678619658988e+29
554 447140396117.14886 1.11021439121359e+29
555 465013618838.44684 1.180923352721146e+29
556 483601395501.0918 1.2560613818847187e+29
557 502932300591.21313 1.3358995367959188e+29
558 523036051696.0988 1.4207249117137189e+29
559 543943555256.72504 1.510841537040313e+29
560 565686954152.6946 1.6065713253970366e+29
561 588299677193.0742 1.708255065747201e+29
562 611816490589.3046 1.8162534675516307e+29
563 636273551490.0022 1.930948256981211e+29
564 661708463659.8071 2.052743327237765e+29
565 688160335388.5935 2.182065945063399e+29
566 715669839720.2123 2.319368015533747e+29
567 744279277093.7736 2.4651274072418374e+29
568 774032640494.2299 2.61984933998037e+29
569 804975683212.5363 2.784067837018862e+29
570 837155989320.4825 2.958347244054727e+29
571 870623046968.334 3.1432838168765808e+29
572 905428324618.932 3.3395073797339745e+29
573 941625350335.6161 3.547683056336409e+29
574 979269794246.4149 3.768513075320116e+29
575 1018419554311.8444 4.002738651913541e+29
576 1059134845528.4299 4.251141947399146e+29
577 1101478292705.921 4.5145481078145196e+29
578 1145515026961.1116 4.7938273831452614e+29
579 1191312786077.2522 5.0898973280444175e+29
580 1238942018883.8645 5.403725084857029e+29
581 1288475993817.9712 5.7363297494333725e+29
582 1339990911834.319 6.0887848198771134e+29
583 1393566023838.4463 6.462220727985743e+29
584 1449283752824.1155 6.857827452707482e+29
585 1507229820903.1404 7.276857214439134e+29
586 1567493381423.6113 7.720627248435136e+29
587 1630167156380.157 8.190522654972524e+29
588 1695347579328.0483 8.68799932321833e+29
589 1763134944021.5515 9.214586924969774e+29
590 1833633559005.1658 9.771891973569185e+29
591 1906951908396.4653 1.0361600942346025e+30
592 1983202819107.7913 1.0985483435873841e+30
593 2062503634764.4924 1.1645395406169114e+30
594 2144976396587.4563 1.2343282404676826e+30
595 2230748031518.334 1.308118285948281e+30
596 2319950547877.192 1.386123136565848e+30
597 2412721238853.0664 1.4685661974959693e+30
598 2509202894141.1313 1.555681146928588e+30
599 2609544020051.363 1.647712260031062e+30
600 2713899068427.2607 1.7449147275551112e+30
601 2822428674726.3564 1.8475549668817014e+30
602 2935299905628.188 1.9559109230472297e+30
603 3052686516550.253 2.0702723570251292e+30
604 3174769219466.515 2.1909411182468762e+30
605 3301735961440.3584 2.3182313980388272e+30
606 3433782214298.495 2.4524699603201146e+30
607 3571111275890.1743 2.593996345557599e+30
608 3713934583393.71 2.7431630436033476e+30
609 3862472039148.9805 2.9003356306476963e+30
610 4016952349517.2056 3.065892865114647e+30
611 4177613377283.5684 3.240226736892411e+30
612 4344702508144.225 3.4237424638528225e+30
613 4518477031836.652 3.6168584291504015e+30
614 4699204538496.075 3.8200060523236704e+30
615 4887163330843.822 4.0336295867445206e+30
616 5082642852835.065 4.2581858354799957e+30
617 5285944135423.151 4.494143777161838e+30
618 5497380260116.301 4.741984092988624e+30
619 5717276841036.408 5.002198585552649e+30
620 5945972526212.496 5.275289479770463e+30
621 6183819518872.471 5.561768595837776e+30
622 6431184119526.9375 5.862156383832699e+30
623 6688447289668.067 6.176980809375057e+30
624 6956005237942.431 6.50677607964689e+30
625 7234270029687.051 6.852081199102577e+30
626 7523670220755.097 7.213438344393931e+30
627 7824651516593.498 7.591391048434495e+30
628 8137677457572.767 7.98648218417677e+30
629 8463230131609.778 8.399251739628878e+30
630 8801810915162.764 8.830234376948811e+30
631 9153941243725.223 9.279956770208429e+30
632 9520163412985.645 9.748934718679036e+30
633 9901041411869.338 1.023767003536952e+31
634 10297161788726.275 1.0746647214145609e+31
635 10709134551979.717 1.127632988320558e+31
636 11137594106604.502 1.1827157058133687e+31
637 11583200227855.652 1.2399539214357459e+31
638 12046639073731.973 1.2993854206814747e+31
639 12528624237713.826 1.3610443074186165e+31
640 13029897843381.541 1.4249605776455919e+31
641 13551231682586.084 1.491159692810637e+31
642 14093428398913.766 1.5596621605276804e+31
643 14657322718261.602 1.6304831324116485e+31
644 15243782728412.65 1.7036320309772021e+31
645 15853711209590.041 1.7791122201505559e+31
646 16488047018046.473 1.856920736989294e+31
647 17147766524841.635 1.9370481057604064e+31
648 17833885112054.69 2.0194782596663215e+31
649 18547458728780.844 2.1041886003207165e+31
650 19289585509371.742 2.191150230660207e+31
651 20061407456488.445 2.2803284034470125e+31
652 20864112191669.438 2.3716832350041357e+31
653 21698934776237.336 2.465170742471865e+31
654 22567159605514.895 2.5607442728552452e+31
655 23470122379473.11 2.658356403635986e+31
656 24409212153087.008 2.757961407966936e+31
657 25385873469873.62 2.859518392706054e+31
658 26401608582242.934 2.962995235052934e+31
659 27457979762532.734 3.068373463659556e+31
660 28556611708798.26 3.1756542531501927e+31
661 29699194049681.875 3.2848657274291586e+31
662 30887483952954.77 3.396071797446962e+31
663 32123308842600.008 3.5093827937720506e+31
664 33408569229656.37 3.624968193992105e+31
665 34745241662348.168 3.74307179032661e+31
666 36135381801457.836 3.8640296946731174e+31
667 37581127627292.945 3.988291637509727e+31
668 39084702785084.64 4.1164460846598735e+31
669 40648420076177.414 4.249249773035815e+31
670 42274685102937.13 4.38766235441787e+31
671 43966000075970.97 4.532886936579557e+31
672 45724967792949.11 4.686417425303779e+31
673 47554295799131.71 4.850093700959793e+31
674 49456800740595.48 5.0261658114743435e+31
675 51435412922153.5 5.217368532177339e+31
676 53493181083089.15 5.427007834901089e+31
677 55633277405062.86 5.659061026994536e+31
678 57859002767989.305 5.918292569141859e+31
679 60173792271237.234 6.210387863062382e+31
680 62581221039301.83 6.542107620886283e+31
681 65085010333096.95 6.921465792406284e+31
682 67689033990270.61 7.357934440349856e+31
683 70397325220495.84 7.86267942392452e+31
684 73214083784533.8 8.448831284651461e+31
685 76143683589135.06 9.131796334426415e+31
686 79190680733458.3 9.92961363341845e+31
687 82359822046826.83 1.0863364325739246e+32
688 85656054162290.7 1.1957640686085497e+32
689 89084533175720.14 1.3241083234716882e+32
690 92650634946110.48 1.474699541695666e+32
691 96359966099466.92 1.6514046634715606e+32
692 100218375806289.2 1.858707588158418e+32
693 104231968411218.48 2.1018009892589648e+32
694 108407117003164.2 2.3866911600690998e+32
695 112750478025217.61 2.7203176823682594e+32
696 117269007036108.72 3.1106899520493578e+32
697 121969975749062.16 3.567042869233423e+32
698 126860990489813.2 4.1000143104016e+32
699 131950012233656.77 4.721847351206831e+32
700 137245378401764.16 5.446620606292706e+32
701 142755826620161.56 6.2905105027906845e+32
702 148490520670945.53 7.272089814103681e+32
703 154459078894874.97 8.412667357932419e+32
704 160671605338171.88 9.736674416163651e+32
705 167138723974117.97 1.1272104174131425e+33
706 173871616373238.8 1.3051011314340065e+33
707 180882063244376.7 1.5110079847661084e+33
708 188182490324103.12 1.749126833785958e+33
709 195786019154282.97 2.0242542889385702e+33
710 203706523358094.78 2.341870964214891e+33
711 211958691104901.1 2.7082360071526085e+33
712 220558094544503.22 3.1304944150501554e+33
713 229521267093954.06 3.616798842070451e+33
714 238865789575738.94 4.17644782700106e+33
715 248610386337322.34 4.820042626074412e+33
716 258775032630430.62 5.559665123282085e+33
717 269381074696252.66 6.409079616398979e+33
718 280451364192885.1 7.383961645419007e+33
719 292010408816193.2 8.502157446833336e+33
720 304084541208612.6 9.783978088487714e+33
721 316702108525634.1 1.1252532872734199e+34
722 329893685341122.1 1.2934107198299768e+34
723 343692312924990.25 1.485859075282805e+34
724 358133768325216.75 1.7059962678661466e+34
725 373256867137293.1 1.957684122579574e+34
726 389103804354076.94 2.245310639109241e+34
727 405720538266113.6 2.573860515670104e+34
728 423157223035092.75 2.9489950199925673e+34
729 441468696301276.5 3.3771424370436443e+34
730 460715029020696.1 3.8656004840195716e+34
731 480962145672019.0 4.42265226508639e+34
732 502282524041158.0 5.0576975440261435e+34
733 524755984999138.6 5.781401345435822e+34
734 548470584054625.7 6.6058621579362365e+34
735 573523618006873.9 7.5448023099092445e+34
736 600022761771235.0 8.61378342405569e+34
737 628087352424149.5 9.83045023659316e+34
738 657849839747116.9 1.121480649586493e+35
739 689457425074105.4 1.2789527139978974e+35
740 723073913100832.4 1.4580311501046082e+35
741 758881804541720.5 1.661628290290498e+35
742 797084661168753.4 1.893044071914849e+35
743 837909778891200.6 2.156017174929285e+35
744 881611209198338.1 2.454782866491125e+35
745 928473174558387.8 2.7941384287821406e+35
746 978813929326548.1 3.179517160418646e+35
747 1032990124450644.8 3.617072070860252e+35
748 1091401741877789.1 4.113770533033384e+35
749 1154497673172735.0 4.677501324156023e+35
750 1222782026586922.5 5.317195670938704e+35
751 1296821257815662.2 6.042964125755337e+35
752 1377252232108129.2 6.866251338114537e+35
753 1464791339445981.8 7.800011054449213e+35
754 1560244800383202.2 8.858903982813376e+35
755 1664520318086701.0 1.0059521502125214e+36
756 1778640252400161.5 1.1420638583221927e+36
757 1903756514675526.5 1.2963499726970556e+36
758 2041167408026428.5 1.4712142219618577e+36
759 2192336666932082.8 1.6693761564721636e+36
760 2358914983213018.0 1.893912458289214e+36
761 2542764342790391.5 2.1483036384509715e+36
762 2745985539900108.0 2.4364868227222233e+36
763 2970949283187901.0 2.7629154181517306e+36
764 3220331362075645.0 3.1326265557443995e+36
765 3497152402775861.0 3.551317320917575e+36
766 3804822812242047.0 4.0254309148735864e+36
767 4147193586217659.5 4.562254038562214e+36
768 4528613745543458.0 5.170026958732401e+36
769 4953995264318971.0 5.858067905189579e+36
770 5428886465876199.0 6.63691366261346e+36
771 5959554989483831.0 7.518478462334974e+36
772 6553081574170595.0 8.51623355295504e+36
773 7217466068156473.0 9.645410137653093e+36
774 7961747255553720.0 1.0923228715122772e+37
775 8796138298966425.0 1.2369158255467164e+37
776 9732179830473056.0 1.4005209087975293e+37
777 1.0782912987714632e+16 1.5856263881132041e+37
778 1.1963074990361534e+16 1.7950451663965194e+37
779 1.328932018958347e+16 2.0319570480441158e+37
780 1.4780469904285012e+16 2.2999564994577897e+37
781 1.6457794788529382e+16 2.603106618415477e+37
782 1.83453339611491e+16 2.946000118753151e+37
783 2.047025567830612e+16 3.3338282414976653e+37
784 2.2863264950921628e+16 3.7724586218656126e+37
785 2.5559064210680576e+16 4.268523275161557e+37
786 2.859687392127093e+16 4.829518015575042e+37
787 3.2021020927356492e+16 5.4639147924188425e+37
788 3.5881603345975844e+16 6.18128862103225e+37
789 4.023524194862914e+16 6.99246100325025e+37
790 4.514592927433989e+16 7.909661978260864e+37
791 5.068598917373601e+16 8.946713222504463e+37
792 5.69371611333716e+16 1.0119234931135986e+38
793 6.399182559287025e+16 1.1444879568181875e+38
794 7.195438857252977e+16 1.2943595973112866e+38
795 8.094284630741944e+16 1.4637927764135868e+38
796 9.109055327104405e+16 1.6553350489800586e+38
797 1.025482200072873e+17 1.8718652558114994e+38
798 1.1548617061932307e+17 2.1166365624966243e+38
799 1.3009689363860718e+17 2.393325086078015e+38
800 1.4659792437508902e+17 2.706084834727002e+38
801 1.652351017952047e+17 3.0596097796956712e+38
802 1.8628624856180448e+17 3.4592039851101845e+38
803 2.100653291826933e+17 3.910860841252611e+38
804 2.369271483457743e+17 4.421352582632601e+38
805 2.6727265957630435e+17 4.998331425418368e+38
806 3.015549634531839e+17 5.650443831916068e+38
807 3.402860849054262e+17 6.3874596053991085e+38
808 3.840446307268115e+17 7.220417739542869e+38
809 4.334844415718104e+17 8.161791196354334e+38
810 4.89344367523523e+17 9.225673068495263e+38
811 5.5245931307525434e+17 1.0427986900477002e+39
812 6.237727162926045e+17 1.1786724303129777e+39
813 7.043506483019099e+17 1.3322213402330309e+39
814 7.95397743404585e+17 1.5057422122312236e+39
815 8.982751974034456e+17 1.701830082279208e+39
816 1.0145211025535569e+18 1.9234169395359024e+39
817 1.1458734223759958e+18 2.1738154586834694e+39
818 1.2942959489150392e+18 2.4567684065436145e+39
819 1.4620076294678674e+18 2.776504459079181e+39
820 1.6515157000267077e+18 3.1378012603633643e+39
821 1.865653119400396e+18 3.546056662965226e+39
822 2.1076208620664218e+18 4.0073692110541645e+39
823 2.3810357002016246e+18 4.5286290651847825e+39
824 2.689984187128772e+18 5.1176207232385605e+39
825 3.039083646810969e+18 5.783139067677041e+39
826 3.4335510784122235e+18 6.535120467737715e+39
827 3.8792810028602486e+18 7.384790889405793e+39
828 4.3829334115675264e+18 8.344833219288399e+39
829 4.952033127962744e+18 9.429576294655588e+39
830 5.595082062502125e+18 1.0655208455162528e+40
831 6.321686033902288e+18 1.2040018796945534e+40
832 7.142698046313013e+18 1.360466972230875e+40
833 8.070380157284291e+18 1.53725048442756e+40
834 9.118586348292888e+18 1.736989683174237e+40
835 1.030296912243705e+19 1.9626640375744115e+40
836 1.1641212907319658e+19 2.217639612923859e+40
837 1.3153297740391768e+19 2.5057192231851923e+40
838 1.4861797165068173e+19 2.831199088851897e+40
839 1.6792214775448033e+19 3.198932843961444e+40
840 1.8973364423116575e+19 3.6144038454531783e+40
841 2.1437799749760774e+19 4.0838068616868895e+40
842 2.422229944396194e+19 4.614140356597351e+40
843 2.736841545043078e+19 5.213310743730684e+40
844 3.092309229744658e+19 5.890250162632193e+40
845 3.4939366767469355e+19 6.655049531415989e+40
846 3.947715833226604e+19 7.519108856781838e+40
847 4.460416212568464e+19 8.495307039724614e+40
848 5.0396857754098926e+19 9.598193705446371e+40
849 5.694164896960105e+19 1.0844205913915845e+41
850 6.43361511797708e+19 1.2251912977978407e+41
851 7.269064596924732e+19 1.3842293034403546e+41
852 8.212972429551349e+19 1.563904548606732e+41
853 9.27941428305691e+19 1.7668943967502317e+41
854 1.0484292109437151e+20 1.9962235089454262e+41
855 1.1845571061127581e+20 2.2553088899646882e+41
856 1.3383547137135901e+20 2.548010776696795e+41
857 1.5121149545442968e+20 2.8786901266148433e+41
858 1.70842822843733e+20 3.2522735622643776e+41
859 1.930221002963512e+20 3.67432673875721e+41
860 2.1807994073420176e+20 4.15113722665901e+41
861 2.46389848072373e+20 4.689808144331703e+41
862 2.783737808207466e+20 5.29836393383414e+41
863 3.145084373059829e+20 5.985869855283163e+41
864 3.553323561056911e+20 6.762566978825052e+41
865 4.014539374243837e+20 7.640024684095255e+41
866 4.535605048536204e+20 8.631312937711155e+41
867 5.12428542448834e+20 9.751196913793391e+41
868 5.789352595551982e+20 1.1016356855165007e+42
869 6.540716555838576e+20 1.2445636448663772e+42
870 7.389572792726765e+20 1.406032341252477e+42
871 8.348569021951e+20 1.588446647337206e+42
872 9.431993547810557e+20 1.7945233452115112e+42
873 1.0655988053124008e+21 2.0273315790100326e+42
874 1.2038787987271188e+21 2.2903385538247674e+42
875 1.3600994131572595e+21 2.5874611612984237e+42
876 1.536587938544225e+21 2.92312430051425e+42
877 1.7359735341138397e+21 3.3023267624781225e+42
878 1.961226380733654e+21 3.730715659095773e+42
879 2.215701911095236e+21 4.21467050475391e+42
880 2.5031907762680323e+21 4.7613982023261216e+42
881 2.8279752925739195e+21 5.379040347761962e+42
882 3.194893209214557e+21 6.07679445081756e+42
883 3.6094097460766536e+21 6.865050876665267e+42
884 4.077698974268841e+21 7.755547547168378e+42
885 4.606735751041846e+21 8.761544705010779e+42
886 5.204399577875019e+21 9.898022342553351e+42
887 5.879591928033181e+21 1.118190323472799e+43
888 6.642368790425637e+21 1.263230489645151e+43
889 7.504090403144578e+21 1.4270824215667498e+43
890 8.477590405982192e+21 1.6121858999590481e+43
891 9.577366930324944e+21 1.8212971221255994e+43
892 1.0819798471451443e+22 2.0575297374345795e+43
893 1.2223387757182624e+22 2.324401204551644e+43
894 1.3809037243678357e+22 2.6258851605811976e+43
895 1.5600360340009408e+22 2.966470581771792e+43
896 1.7624032995070584e+22 3.3512286165534193e+43
897 1.991019088131294e+22 3.7858880858974576e+43
898 2.249287808858412e+22 4.276920775020159e+43
899 2.5410554008296445e+22 4.831637786230623e+43
900 2.8706665954380658e+22 5.458298387380824e+43
901 3.2430296046244727e+22 6.166232976420412e+43
902 3.663689198448778e+22 6.965981992700662e+43
903 4.138909259911791e+22 7.869452843084214e+43
904 4.6757660460973275e+22 8.890097179113521e+43
905 5.282253544092715e+22 1.004311116445885e+44
906 5.967402490215751e+22 1.1345661714147003e+44
907 6.74141482448377e+22 1.28171420737127e+44
908 7.615815582058789e+22 1.4479460543218783e+44
909 8.603624482996347e+22 1.6357366644531418e+44
910 9.719549774885966e+22 1.847881958766989e+44
911 1.0980207214266354e+23 2.0875404521781562e+44
912 1.2404367446944132e+23 2.358280276766359e+44
913 1.4013235470151552e+23 2.664132303243001e+44
914 1.5830766337082728e+23 3.009650151475843e+44
915 1.788402180391744e+23 3.399977983477099e+44
916 2.0203573228970822e+23 3.840927088120471e+44
917 2.2823956722185955e+23 4.3390623977384435e+44
918 2.5784187321072346e+23 4.9018002246125466e+44
919 2.9128339847925067e+23 5.537518672399586e+44
920 3.2906205095916135e+23 6.255682366240957e+44
921 3.717403111306799e+23 7.06698335846249e+44
922 4.1995360620034195e+23 7.983500307588614e+44
923 4.744197702879463e+23 9.018878300434974e+44
924 5.35949731461612e+23 1.0188531994364259e+45
925 6.054595847247373e+23 1.150987510396933e+45
926 6.839842306913885e+23 1.3002579648636373e+45
927 7.726927829966282e+23 1.468886882051863e+45
928 8.729059738193394e+23 1.6593847832953525e+45
929 9.86115816642361e+23 1.874587767479401e+45
930 1.1140078189790203e+24 2.1176997334877105e+45
931 1.2584860757575187e+24 2.39234007824434e+45
932 1.4217016169405813e+24 2.7025975804500478e+45
933 1.6060844314035945e+24 3.053091272198353e+45
934 1.8143796438265323e+24 3.449039204691687e+45
935 2.0496883831803612e+24 3.8963361317960474e+45
936 2.315513951235412e+24 4.401641267937633e+45
937 2.61581397842309e+24 4.972477426825943e+45
938 2.955059343515031e+24 5.617343016911539e+45
939 3.3383007342868027e+24 6.345838560903586e+45
940 3.7712438400762263e+24 7.168809622875182e+45
941 4.2603342956641463e+24 8.098508270771705e+45
942 4.812853641068712e+24 9.148775478064162e+45
943 5.43702772584576e+24 1.0335247180024227e+46
944 6.14214917175476e+24 1.1675587052253583e+46
945 6.938715716933746e+24 1.318974947690784e+46
946 7.83858650117816e+24 1.4900276611503098e+46
947 8.855158618987498e+24 1.6832633982838598e+46
948 1.0003566568804071e+25 1.9015589602156246e+46
949 1.1300907567712517e+25 2.148164224553537e+46
950 1.2766496085944836e+25 2.426750527547503e+46
951 1.442215139054366e+25 2.741465320648028e+46
952 1.6292522378936154e+25 3.0969939151522554e+46
953 1.8405454538360317e+25 3.498629234154985e+46
954 2.0792404494164938e+25 3.952350610217569e+46
955 2.3488908318539073e+25 4.464912801846148e+46
956 2.6535110571531682e+25 5.043946553992575e+46
957 2.9976361950382044e+25 5.698072199654518e+46
958 3.386389444458306e+25 6.437027993799204e+46
959 3.8255584047907528e+25 7.271815090151477e+46
960 4.3216812382215785e+25 8.214861319172979e+46
961 4.88214400602474e+25 9.280206205430461e+46
962 5.515290627824083e+25 1.0483709978776321e+47
963 6.230547100836502e+25 1.1843289690951688e+47
964 7.038561828384166e+25 1.3379185952742647e+47
965 7.951364146804783e+25 1.5114264262710285e+47
966 8.98254341078395e+25 1.7074355413433207e+47
967 1.0147451303232407e+26 1.928864004303387e+47
968 1.1463430381539598e+26 2.179008305688356e+47
969 1.2950072262660965e+26 2.4615924386883206e+47
970 1.4629509290718836e+26 2.7808233394393187e+47
971 1.652674402925348e+26 3.1414535170352543e+47
972 1.8670021483407814e+26 3.548851805655831e+47
973 2.109124959339951e+26 4.009083292111797e+47
974 2.382647425932894e+26 4.528999608718495e+47
975 2.6916415969149663e+26 5.116340935711432e+47
976 3.040707601875321e+26 5.779851231744917e+47
977 3.435042134916497e+26 6.529408407946307e+47
978 3.880515819619984e+26 7.376171383458945e+47
979 4.383760607020531e+26 8.332746211745786e+47
980 4.952268507701351e+26 9.413373750809189e+47
981 5.594503127872211e+26 1.0634141671242057e+48
982 6.320025669898282e+26 1.2013223958329338e+48
983 7.139637273088809e+26 1.3571151473739669e+48
984 8.065539813818582e+26 1.533111760474292e+48
985 9.111517558854196e+26 1.7319323551227806e+48
986 1.02931423762285e+27 1.9565368390937706e+48
987 1.1628005558680025e+27 2.2102689729903087e+48
988 1.313597971089885e+27 2.4969061498193215e+48
989 1.4839514599364065e+27 2.8207156301800578e+48
990 1.6763971369179847e+27 3.186518070255833e+48
991 1.893800010350151e+27 3.599759288369814e+48
992 2.1393966346372316e+27 4.06659133851082e+48
993 2.4168432938779498e+27 4.593964097801157e+48
994 2.7302704341120437e+27 5.189728731387018e+48
995 3.0843441545607156e+27 5.862754575070583e+48
996 3.4843356732971e+27 6.623061175745413e+48
997 3.936199801503164e+27 7.481967455360211e+48
998 4.4466635945837585e+27 8.452260219060495e+48
999 5.023326499908551e+27 9.548384516129078e+48
