 rho p
0 10.0 144945890147191.5
1 10.25677930744422 151201749885806.66
2 10.520152176161586 157727647835948.94
3 10.79028791516184 164535144561079.03
4 11.067360180959733 171636436330262.3
5 11.35154708920999 179044216566947.2
6 11.643031329208767 186771764245898.38
7 11.94200028133532 194832777757116.8
8 12.248646137509313 203241659531425.78
9 12.563166024741209 212013549894615.84
10 12.88576213185518 221163974106640.4
11 13.216641839466051 230709308169568.72
12 13.556017853293682 240666612691505.78
13 13.904108340900704 251053689937095.34
14 14.26113707194129 261889055615732.62
15 14.627333562011298 273192006589853.75
16 15.002933220192183 284982836538375.3
17 15.388177500383463 297282482368961.94
18 15.783314056521172 310113037672552.75
19 16.188596901781985 323497265599836.25
20 16.604286571875296 337459172500922.94
21 17.030650292528442 352023641172111.94
22 17.467962151272456 367216691658190.2
23 17.916503273639005 383065372166855.75
24 18.376562003881716 399598143375951.6
25 18.848434090337953 416844394444583.6
26 19.332422875550453 434834965244647.56
27 19.828839491270713 453601946370604.6
28 20.33800305846981 473178945584138.0
29 20.860240892485038 493600734226420.25
30 21.395888713434214 514903929316434.6
31 21.945290862033136 537126559089452.2
32 22.50880052095462 560308240417827.0
33 23.086779941871686 584490307958288.5
34 23.679600678330775 609716073073455.2
35 24.287643824604505 636030490932745.8
36 24.911300260677884 663480563627471.0
37 25.55097090352507 692115315720619.2
38 26.207066964838525 721985858820501.8
39 26.88001021537606 753145484366186.5
40 27.57023325609584 785649894337224.6
41 28.27817979625341 819557049536928.0
42 29.004304938639915 854927599038462.9
43 29.749075472144405 891824544151118.6
44 30.512970171828695 930313860333482.8
45 31.29648010670752 970464230748784.0
46 32.100108955431715 1012347302051762.8
47 32.924373330077685 1056037939548613.6
48 33.76980310825091 1101614093034263.4
49 34.636941773717325 1149157089568029.8
50 35.52634676578141 1198751889260491.0
51 36.43858983763545 1250486948603051.2
52 37.37425742391064 1304454741445609.8
53 38.33395101766602 1360751470609403.8
54 39.3182875570577 1419477738073685.8
55 40.32789982193707 1480738314265996.8
56 41.36343684063274 1544642687878553.2
57 42.42556430717777 1611304759300159.2
58 43.514965009250496 1680843660638820.0
59 44.63233926710397 1753383538177517.5
60 45.778405383766184 1829053876496297.8
61 46.95390010680058 1907989691566280.8
62 48.159579101923505 1990332020380901.5
63 49.396217438783204 2076227713442542.0
64 50.66461008921269 2165830162626638.5
65 51.9655724382766 2259299360739902.0
66 53.29994080844088 2356802114676041.0
67 54.66857299720181 2458512480504214.5
68 56.072348828520326 2564612051856188.5
69 57.51217071841614 2675290208816994.0
70 58.988964255084966 2790744493455158.5
71 60.503678793912215 2911181009176228.5
72 62.05728806776501 3036814765533500.5
73 63.65079081295571 3167869994826968.0
74 65.28521141127847 3304580615403557.5
75 66.96160054853222 3447190691822726.0
76 68.68103588995304 3595954749574619.0
77 70.44462277299037 3751138306715528.5
78 72.25349491787215 3913018430580490.0
79 74.1088151564157 4081884012378016.5
80 76.01177617955331 4258036420449698.0
81 77.96360130405233 4441790189891671.0
82 79.96554525892346 4633473149194195.0
83 82.01889499202203 4833427568774852.0
84 84.12497049736119 5042010222417557.0
85 86.28512566366895 5259593434243319.0
86 88.50074914473434 5486565580253131.0
87 90.77326525210223 5723331667609991.0
88 93.10413487069076 5970314415463831.0
89 95.49485639791966 6227954491930512.0
90 97.94696670695396 6496711785503046.0
91 100.46204213468131 6777065895309758.0
92 103.04169949505875 7069517254570346.0
93 105.6875971184804 7374587708624057.0
94 108.4014359178331 7692821723648031.0
95 111.1849604819271 8024787278149779.0
96 114.03996019700331 8371076696782223.0
97 116.96827039703847 8732308101056496.0
98 119.97177354358843 9109126032508962.0
99 123.05240043592616 9502202983660874.0
100 126.21213145225474 9912240389819426.0
101 129.45299782279162 1.0339969960674104e+16
102 132.7770829355429 1.0786155018162334e+16
103 136.18652367560827 1.1251591691395394e+16
104 139.68351179887398 1.1737110586796224e+16
105 143.2702953409831 1.2243577956694332e+16
106 146.94918006248173 1.2771897662866198e+16
107 150.72253093107557 1.3323012386507466e+16
108 154.59277364194784 1.3897905422502612e+16
109 158.56239617711373 1.4497602625411348e+16
110 162.63395040481922 1.512317402569053e+16
111 166.81005372000593 1.577573573806486e+16
112 171.09339072690133 1.6456452110638134e+16
113 175.4867149648152 1.7166537694702898e+16
114 179.99285067824763 1.7907259416421162e+16
115 184.61469463245476 1.8679938767312916e+16
116 189.35521797562953 1.948595434958628e+16
117 194.21746814890244 2.0326744153142184e+16
118 199.20457084538714 2.1203808134758664e+16
119 204.31973201952704 2.2118711029238692e+16
120 209.5662399480433 2.3073085032664624e+16
121 214.94746734379805 2.4068632661192644e+16
122 220.46687352394076 2.5107129932088468e+16
123 226.12800663372795 2.6190429351669104e+16
124 231.93450592744276 2.732046350885759e+16
125 237.89010410788933 2.8499248033032172e+16
126 243.99862972595503 2.972888567031605e+16
127 250.26400964179166 3.101156986835517e+16
128 256.6902715491952 3.2349588450119844e+16
129 263.281546564802 3.3745328092682676e+16
130 270.0420718837773 3.52012783144845e+16
131 276.9761935036891 3.672003585129603e+16
132 284.0883690183301 3.8304309627761704e+16
133 291.3831704832789 3.9956925198561896e+16
134 298.8652873550383 4.168082997699748e+16
135 306.5395295056527 4.347909842846642e+16
136 314.41083031472647 4.535493767144386e+16
137 322.4842498408442 4.731169298818459e+16
138 330.7649780744243 4.935285383571452e+16
139 339.2583382740992 5.1482060281879704e+16
140 347.9697903887691 5.370310918059307e+16
141 356.90493456752296 5.6019961000340824e+16
142 366.06951475969026 5.843674714294696e+16
143 375.4694224073337 6.09577769037346e+16
144 385.1107002325569 6.358754547865814e+16
145 394.9995461220643 6.633074169433298e+16
146 405.1423171114647 6.919225660071887e+16
147 415.54553347188755 7.217719199609522e+16
148 426.2158829015325 7.529086955388754e+16
149 437.1602248248502 7.853884043724467e+16
150 448.3855948021191 8.192689497505478e+16
151 459.8992090522438 8.54610730401215e+16
152 471.7084690917017 8.914767485239762e+16
153 483.82096649259574 9.299327207938293e+16
154 496.24448776289137 9.700471968632878e+16
155 508.9870193519685 1.011891679883135e+17
156 522.0567527846976 1.05554075499771e+17
157 535.4620899273608 1.1010722203102955e+17
158 549.2116483887789 1.1485672269138877e+17
159 563.3142670601352 1.198110422984469e+17
160 577.7790117970507 1.2497901040683323e+17
161 592.6151812475553 1.3036983690368402e+17
162 607.832312829723 1.3599312858714253e+17
163 623.4401888627864 1.4185890618621683e+17
164 639.4488428556937 1.4797762208279747e+17
165 655.8685659571436 1.5436017899413002e+17
166 672.7099135712336 1.610179492972621e+17
167 689.9837121430019 1.679627954142543e+17
168 707.7010661181889 1.75207090621194e+17
169 725.8733650817246 1.8276374125902218e+17
170 744.5122910795143 1.906462096139197e+17
171 763.6298261282242 1.9886853782585654e+17
172 783.2382599179197 2.0744537288298144e+17
173 803.3501977124735 2.1639199256141978e+17
174 823.9785684528512 2.2572433274180662e+17
175 845.1366330684722 2.3545901556841216e+17
176 866.8379930019773 2.4561337896744784e+17
177 889.0965989529158 2.562055076198473e+17
178 911.9267598459298 2.6725426494465597e+17
179 935.3431520292377 2.7877932651181792e+17
180 959.3608287093147 2.9080121533574874e+17
181 983.9952296278226 3.03341337966361e+17
182 1009.2621909870473 3.164220225687084e+17
183 1035.1779556301763 3.30066558735459e+17
184 1061.759183483 3.442992387413058e+17
185 1089.0229622637305 3.591454005126527e+17
186 1116.9868184678226 3.746314727915515e+17
187 1145.6687286348715 3.9078502210519296e+17
188 1175.0871309048075 4.076348013704273e+17
189 1205.2609368708427 4.2521080125426355e+17
190 1236.209543736769 4.435443031242592e+17
191 1267.9528467864338 4.626679347774577e+17
192 1300.5112521734086 4.826157280676657e+17
193 1333.9056900390588 5.0342317941911014e+17
194 1368.1576279674719 5.2512731283777754e+17
195 1403.2890847858732 5.477667453151144e+17
196 1439.3226447194065 5.7138175548924755e+17
197 1476.2814719093894 5.960143551850615e+17
198 1514.189325304352 6.217083633641882e+17
199 1553.07057393346 6.485094844559749e+17
200 1592.950212572123 6.764653888200091e+17
201 1633.853877809862 7.056257974742652e+17
202 1675.8078645307671 7.360425700205878e+17
203 1718.8391428171456 7.677697967806264e+17
204 1762.9753752872057 8.008638943071553e+17
205 1808.2449348779517 8.353837053490925e+17
206 1854.6769230846994 8.71390603215051e+17
207 1902.301188668944 9.089486002294801e+17
208 1951.1483468466163 9.481244611064329e+17
209 2001.249798969037 9.889878211857946e+17
210 2052.6377527092523 1.031611309531967e+18
211 2105.345242766706 1.0760706775620646e+18
212 2159.4061521035655 1.1224449329327871e+18
213 2214.855233726359 1.170816479428252e+18
214 2271.728133026905 1.2212712625378332e+18
215 2330.0614106969247 1.2738989214988856e+18
216 2389.8925662310503 1.328792947789311e+18
217 2451.2600620333374 1.3860508503658772e+18
218 2514.2033481427966 1.445774327944198e+18
219 2578.7628875938008 1.5080694487667492e+18
220 2644.9801824277197 1.573046837896535e+18
221 2712.8978003724674 1.6408218727485967e+18
222 2782.559402207126 1.7115148867264543e+18
223 2854.0097698292375 1.7852513817634406e+18
224 2927.294835042816 1.8621622498592105e+18
225 3002.4617090855495 1.9423840041129608e+18
226 3079.5587129142264 2.0260590195166758e+18
227 3158.635408267819 2.1133357843158845e+18
228 3239.7426295281953 2.2043691619103352e+18
229 3322.9325163989715 2.2993206638738824e+18
230 3408.258547423452 2.39835873468038e+18
231 3495.775574363275 2.501659048887902e+18
232 3585.539857459817 2.6094048204628086e+18
233 3677.6091016010305 2.7217871259263324e+18
234 3772.0424934169973 2.83900524066416e+18
235 3868.9007393279753 2.9612669901192965e+18
236 3968.2461045694818 3.088789115594876e+18
237 4070.1424532194387 3.2217976559483566e+18
238 4174.6552892531345 3.3605283454203525e+18
239 4281.851798652411 3.505227028235056e+18
240 4391.800892596086 3.6561500912837934e+18
241 4504.573251759459 3.813564915047184e+18
242 4620.241371751313 3.9777503435909745e+18
243 4738.879609717651 4.1489971748091633e+18
244 4860.564232142134 4.327608671466105e+18
245 4985.373463873893 4.513901093915301e+18
246 5113.387538414326 4.708204255693556e+18
247 5244.688749495119 4.910862102592364e+18
248 5379.361503980703 5.122233316435289e+18
249 5517.492376129123 5.342691944529334e+18
250 5659.170163246243 5.572628055908727e+18
251 5804.485942768978 5.812448425614945e+18
252 5953.53313081437 6.062577247639936e+18
253 6106.407542232043 6.32345687878442e+18
254 6263.207452198686 6.595548613586789e+18
255 6424.033659394191 6.87933349261463e+18
256 6588.98955079995 7.175313144505076e+18
257 6758.181168161111 7.48401066464285e+18
258 6931.7172761554075 7.805971530134993e+18
259 7109.709432312431 8.141764554517792e+18
260 7292.272058728313 8.491982882090629e+18
261 7479.522515621821 8.857245025427654e+18
262 7671.581176779302 9.238195945936865e+18
263 7868.571506936852 9.63550818078687e+18
264 8070.620141149499 1.0049883017354785e+19
265 8277.856966198473 1.048205171766295e+19
266 8490.415204088747 1.093277679454978e+19
267 8708.431497690724 1.140285334158595e+19
268 8932.045998580968 1.1893110419740156e+19
269 9161.402457138522 1.2404412502594996e+19
270 9396.648314954691 1.2937660982379942e+19
271 9637.934799615785 1.349379574024694e+19
272 9885.417021919573 1.4073796782413627e+19
273 10139.254075588144 1.4678685945574654e+19
274 10399.609139541202 1.5309528674730766e+19
275 10666.649582795388 1.5967435875466924e+19
276 10940.547072057436 1.6653565844952584e+19
277 11221.477682079802 1.7369126284031445e+19
278 11509.62200885031 1.8115376394693837e+19
279 11805.165285688056 1.8893629065369293e+19
280 12108.297502320394 1.9705253148713636e+19
281 12419.213527017846 2.0551675835481678e+19
282 12738.113231864785 2.1434385127905972e+19
283 13065.201621247199 2.235493241786301e+19
284 13400.688963639506 2.3314935172881076e+19
285 13744.790926775366 2.4316079735677424e+19
286 14097.728716289677 2.5360124241051402e+19
287 14459.729217920196 2.644890165571585e+19
288 14831.025143361028 2.758432294563064e+19
289 15211.855179861048 2.8768380376240144e+19
290 15602.46414366368 3.0003150951683187e+19
291 16003.103137387017 3.1290799997940756e+19
292 16414.029711444666 3.2633584896466727e+19
293 16835.508029612007 3.4033858974219604e+19
294 17267.80903884356 3.5494075556756005e+19
295 17711.210643450904 3.701679219130193e+19
296 18165.997883753287 3.860467504619169e+19
297 18632.4631193156 4.026050349479932e+19
298 19110.90621689136 4.1987174891064386e+19
299 19601.63474319186 4.3787709544506515e+19
300 20104.96416260501 4.56652559034153e+19
301 20621.218039991447 4.7623095954260345e+19
302 21150.72824868795 4.966465084646466e+19
303 21693.83518385182 5.179348675215581e+19
304 22250.887981283693 5.401332096990272e+19
305 22822.24474186901 5.632802828297034e+19
306 23408.272761782944 5.874164758228883e+19
307 24009.348768606516 6.1258388765526884e+19
308 24625.85916350544 6.38826399225663e+19
309 25258.200269627847 6.6618974820407525e+19
310 25906.778586880115 6.9472160698700915e+19
311 26572.011053245067 7.244716638914923e+19
312 27254.325312810277 7.554917077214752e+19
313 27954.159990678538 7.878357158401666e+19
314 28671.9649749377 8.215599458939509e+19
315 29408.201705870666 8.567230313380517e+19
316 30163.343472591972 8.93386080917311e+19
317 30937.875717301366 9.316127822622305e+19
318 31732.29634734973 9.714695097719482e+19
319 32547.11605531848 1.013025436953023e+20
320 33382.85864731765 1.0563526533991472e+20
321 34240.06137971426 1.1015262866009162e+20
322 35119.275304507275 1.1486246287754415e+20
323 36021.06562357066 1.1977292689279579e+20
324 36946.01205199302 1.2489252303506075e+20
325 37894.70919074672 1.3023011137807345e+20
326 38867.76690892668 1.3579492464485966e+20
327 39865.810735804385 1.4159658372495158e+20
328 40889.48226294856 1.4764511382908427e+20
329 41939.43955667186 1.53950961306751e+20
330 43016.357581068 1.60525011153661e+20
331 44120.9286319119 1.6737860523633325e+20
332 45253.86278170167 1.7452356126330716e+20
333 46415.888336127726 1.8197219253221002e+20
334 47607.75230226368 1.8973732848457918e+20
335 48830.22086877885 1.9783233610006646e+20
336 50084.07989848212 2.0627114216418994e+20
337 51370.13543351339 2.1506825644390842e+20
338 52689.21421350666 2.2423879580823287e+20
339 54042.16420705915 2.337985093304478e+20
340 55429.855156846745 2.4376380441200558e+20
341 56853.179138737534 2.5415177396807664e+20
342 58313.05113526218 2.6498022471742682e+20
343 59810.40962380932 2.762677066201459e+20
344 61346.217179925065 2.8803354350911842e+20
345 62921.46109610351 3.0029786496197054e+20
346 64537.15401646702 3.130816394631857e+20
347 66194.33458774388 3.264067089071856e+20
348 67894.06812696099 3.4029582449493816e+20
349 69637.44730628222 3.547726840796328e+20
350 71425.59285543134 3.6986197101810824e+20
351 73259.6542821523 3.855893945875753e+20
352 75140.81061116963 4.019817320283821e+20
353 77070.27114212287 4.190668722779415e+20
354 79049.2762269642 4.368738614608009e+20
355 81079.09806731695 4.5543295020432864e+20
356 83161.04153230961 4.7477564285108434e+20
357 85296.44499741016 4.9493474864215314e+20
358 87486.68120479897 5.1594443494819876e+20
359 89733.1581458352 5.3784028262765055e+20
360 92037.3199661823 5.60659343595451e+20
361 94400.64789417603 5.8444020068761495e+20
362 96824.66119303113 6.092230299106965e+20
363 99310.91813749801 6.35049665169158e+20
364 101861.01701559752 6.619636655654936e+20
365 104476.59715608052 6.900103853735264e+20
366 107159.33998226712 7.192370467872834e+20
367 109910.97009294962 7.496928155526905e+20
368 112733.25637104872 7.814288795928642e+20
369 115628.01312073754 8.144985307424697e+20
370 118597.10123376705 8.489572497094855e+20
371 121642.4293857368 8.848627943891531e+20
372 124765.95526308684 9.222752916576377e+20
373 127969.68682159416 9.612573327784755e+20
374 131255.68357718427 1.0018740725598384e+21
375 134626.0579298911 1.0441933324054065e+21
376 138082.97652180924 1.0882857074070053e+21
377 141628.66162991975 1.1342246776324459e+21
378 145265.39259467812 1.1820867237679845e+21
379 148995.50728528536 1.2319514472801923e+21
380 152821.4036025871 1.283901695267895e+21
381 156745.5410205595 1.338023690182347e+21
382 160770.4421673822 1.3944071645978026e+21
383 164898.69444710648 1.4531455012241038e+21
384 169132.9517029647 1.5143358783575255e+21
385 173475.93592339326 1.5780794209746137e+21
386 177930.43899185772 1.644481357680148e+21
387 182499.32448161504 1.7136511837290635e+21
388 187185.52949655792 1.7857028303490636e+21
389 191992.0665593283 1.8607548405992674e+21
390 196922.02554791735 1.9389305520083163e+21
391 201978.57568198783 2.0203582862450638e+21
392 207164.96756020669 2.105171546082568e+21
393 212484.5352498883 2.1935092199263893e+21
394 217940.69843029536 2.2855157941877156e+21
395 223536.96459097965 2.38134157379147e+21
396 229276.93128656488 2.48114291112052e+21
397 235164.2884494351 2.5850824437066157e+21
398 241202.82076180069 2.6933293409912703e+21
399 247396.41008868115 2.8060595604899024e+21
400 253749.03797335716 2.9234561137047157e+21
401 260264.78819690045 3.045709342144935e+21
402 266947.84940343234 3.1730172038234783e+21
403 273802.5177927858 3.3055855706148176e+21
404 280833.199882317 3.443628536870289e+21
405 288044.4153396298 3.587368739701607e+21
406 295440.79988803796 3.737037691358406e+21
407 303027.1082866399 3.8928761241394956e+21
408 310808.2173869064 4.055134348293603e+21
409 318789.1292677643 4.224072623381377e+21
410 326974.9744511768 4.399961543586177e+21
411 335371.01520029287 4.5830824374787973e+21
412 343982.6489022928 4.77372778275929e+21
413 352815.4115380883 4.972201636515709e+21
414 361874.98124112765 5.178820081560468e+21
415 371167.1819475767 5.393911689422377e+21
416 380697.9871402284 5.61781800059449e+21
417 390473.5236885564 5.850894022657056e+21
418 400500.07578736113 6.093508746917374e+21
419 410784.0889965643 6.346045684230278e+21
420 421332.1743847289 6.608903420685644e+21
421 432151.1127789762 6.88249619387366e+21
422 443247.85912404006 7.16725449046285e+21
423 454629.54695323994 7.463625665850708e+21
424 466303.49297427264 7.772074586674517e+21
425 478277.20177274855 8.093084296995023e+21
426 490558.37063650455 8.427156708995499e+21
427 503154.89450380567 8.774813319067331e+21
428 516074.87103859073 9.136595950181556e+21
429 529326.6058360556 9.513067521480149e+21
430 542918.6177618942 9.904812846049437e+21
431 556859.6444286408 1.0312439457873176e+22
432 571158.6478126434 1.0736578468997216e+22
433 585824.8200152536 1.1177885457971904e+22
434 600867.589171968 1.163704139067572e+22
435 616296.6255132942 1.2114753574662237e+22
436 632121.8475812449 1.2611756648210266e+22
437 648353.4286054727 1.312881360529848e+22
438 665001.8030431118 1.3666716857767997e+22
439 682077.6732865678 1.4226289335979022e+22
440 699592.0165435375 1.4808385629312466e+22
441 717556.0918936922 1.5413893167914859e+22
442 735981.447526577 1.6043733447131754e+22
443 754879.9281653431 1.6698863296124356e+22
444 774263.6826811278 1.7380276192216997e+22
445 794145.171902934 1.8089003622573191e+22
446 814537.1766280737 1.8826116494856513e+22
447 835452.8058382871 1.9592726598586047e+22
448 856905.5051268347 2.0389988118956165e+22
449 878909.0653419964 2.121909920495256e+22
450 901477.6314524917 2.20813035936555e+22
451 924625.7116405733 2.297789229269098e+22
452 948368.1866285928 2.3910205322853056e+22
453 972720.3192450537 2.4879633522993224e+22
454 997697.7642363212 2.5887620419343568e+22
455 1023316.5783302449 2.69356641615146e+22
456 1049593.2305582266 2.8025319527485857e+22
457 1076544.6128423158 2.915819999998645e+22
458 1104188.0508541602 3.0335979916745503e+22
459 1132541.3151528127 3.1560396697178416e+22
460 1161622.632608502 3.2833253148160093e+22
461 1191450.6981197747 3.4156419851631335e+22
462 1222044.6866314886 3.553183763687532e+22
463 1253424.2654613995 3.69615201404e+22
464 1285609.6069432965 3.844755645646574e+22
465 1318621.4013947486 3.999211388139438e+22
466 1352480.870417874 4.159744075491459e+22
467 1387209.780541621 4.3265869401899775e+22
468 1422830.457214352 4.499981917797638e+22
469 1459365.7991557578 4.680179962260029e+22
470 1496839.2930772556 4.867441372331655e+22
471 1535275.0287804212 5.062036129505508e+22
472 1574697.7146430868 5.264244247843769e+22
473 1615132.6935030897 5.474356136121541e+22
474 1656605.9589499151 5.6926729727095584e+22
475 1699144.172034626 5.919507093636015e+22
476 1742774.6784089173 6.1551823942836355e+22
477 1787525.5259042354 6.400034745193027e+22
478 1833425.4825622889 6.6544124224599025e+22
479 1880504.0551285835 6.9186765532308886e+22
480 1928791.5080207777 7.193201576819215e+22
481 1978318.8827841622 7.478375721980442e+22
482 2029118.018046678 7.774601500906312e+22
483 2081221.569986337 8.082296220514208e+22
484 2134663.0333242454 8.401892511630242e+22
485 2189476.762856621 8.733838876683106e+22
486 2245697.995539772 9.078600256549238e+22
487 2303362.873142131 9.43665861720963e+22
488 2362508.4654779453 9.808513556903092e+22
489 2423172.7942376006 1.019468293448402e+23
490 2485394.8574297987 1.0595703519715991e+23
491 2549214.6544514257 1.1012131666259836e+23
492 2614673.211801092 1.144454400813867e+23
493 2681812.6094530127 1.1893538180491616e+23
494 2750676.0079080677 1.2359733565453844e+23
495 2821307.6759394705 1.28437720640308e+23
496 2893753.0190509534 1.3346318894864839e+23
497 2968058.6086656023 1.3868063420820952e+23
498 3044272.2120642997 1.4409720004354132e+23
499 3122442.823092858 1.49720288926501e+23
500 3202620.69365765 1.5555757133568313e+23
501 3284857.366030047 1.616169952345057e+23
502 3369205.705980267 1.6790679587894434e+23
503 3455719.936762136 1.7443550596630484e+23
504 3544455.6739704357 1.8121196613679784e+23
505 3635469.961293318 1.882453358400958e+23
506 3728821.3071828377 1.9554510457947842e+23
507 3824569.722466999 2.0312110354658343e+23
508 3922776.7589277155 2.1098351766026718e+23
509 4023505.548869293 2.191428980235027e+23
510 4126820.845702952 2.2761017481275523e+23
511 4232789.065573553 2.3639667061476367e+23
512 4341478.330055092 2.455141142261618e+23
513 4452958.509942651 2.549746549319232e+23
514 4567301.270168747 2.6479087727914758e+23
515 4684580.115873045 2.749758163632847e+23
516 4804870.439655134 2.855429736444952e+23
517 4928249.570040514 2.9650633331241604e+23
518 5054796.821191235 3.078803792182908e+23
519 5184593.543892913 3.196801123940135e+23
520 5317723.177850966 3.3192106917835635e+23
521 5454271.305329836 3.446193399713385e+23
522 5594325.706169377 3.577915886383892e+23
523 5737976.414214128 3.714550725867587e+23
524 5885315.7751914505 3.8562766353734486e+23
525 6036438.506075864 4.0032786901594284e+23
526 6191441.755977848 4.155748545887501e+23
527 6350425.168595962 4.313884668677799e+23
528 6513490.946272796 4.4778925731277925e+23
529 6680743.915695614 4.647985068571029e+23
530 6852291.595284058 4.8243825138597796e+23
531 7028244.264308353 5.0073130809658425e+23
532 7208715.033782136 5.197013027703339e+23
533 7393819.919175859 5.393726979888567e+23
534 7583677.91499719 5.5977082232621895e+23
535 7778411.071286482 5.809219005510464e+23
536 7978144.572076629 6.028530848734259e+23
537 8183006.81586739 6.255924872725507e+23
538 8393129.498166373 6.491692129424749e+23
539 8608647.696149245 6.736133948944439e+23
540 8829699.955494083 6.989562297557761e+23
541 9056428.379445294 7.252300148064935e+23
542 9288978.720164498 7.524681862964209e+23
543 9527500.4724273 7.807053590869146e+23
544 9772146.969725724 8.099773676628532e+23
545 10023075.482838644 8.403213085622123e+23
546 10280447.320933098 8.717755842720224e+23
547 10544427.935261684 9.043799486413142e+23
548 10815187.025522891 9.381755538633771e+23
549 11092898.648952227 9.732049990813445e+23
550 11377741.332214903 1.0095123806731935e+24
551 11669898.186171474 1.0471433442739426e+24
552 11969557.023590429 1.0861451385949909e+24
553 12276910.479883604 1.1265666711025591e+24
554 12592156.13694151 1.1684585656192602e+24
555 12915496.650148828 1.2118732219151472e+24
556 13247139.878661174 1.2568648773567693e+24
557 13587299.019027092 1.3034896706851668e+24
558 13936192.742241435 1.3518057079962357e+24
559 14294045.33431761 1.4018731309992575e+24
560 14661086.84046983 1.4537541876322272e+24
561 15037553.212997384 1.5075133051150867e+24
562 15423686.462966274 1.5632171655249357e+24
563 15819734.815786015 1.6209347839801392e+24
564 16225952.870780872 1.680737589523135e+24
565 16642601.764859019 1.742699508795052e+24
566 17069949.34038408 1.8068970525982246e+24
567 17508270.317357235 1.87340940544615e+24
568 17957846.47002097 1.9423185182038288e+24
569 18418966.807997108 2.0137092039248978e+24
570 18891927.762076642 2.0876692369957693e+24
571 19377033.374779887 2.1642894557005995e+24
572 19874595.495809816 2.2436638683249936e+24
573 20384933.98252464 2.3258897629203725e+24
574 20908376.9055575 2.411067820854974e+24
575 21445260.759716652 2.4993022342820734e+24
576 21995930.680300746 2.590700827660219e+24
577 22560740.66496859 2.68537518346509e+24
578 23140053.801306542 2.7834407722374015e+24
579 23734242.50023866 2.885017087116048e+24
580 24343688.73543108 2.9902277830111386e+24
581 24968784.288843267 3.099200820576559e+24
582 25609931.00258457 3.2120686151473746e+24
583 26267541.03723838 3.328968190813196e+24
584 26942037.136818822 3.450041339804071e+24
585 27633852.900531728 3.575434787372211e+24
586 28343433.061513092 3.7053003623584096e+24
587 29071233.772725753 3.839795173639216e+24
588 29817722.900196735 3.97908179265717e+24
589 30583380.323784318 4.1233284422435297e+24
590 31368698.245668795 4.2727091919503465e+24
591 32174181.506763715 4.427404160115677e+24
592 33000347.91125282 4.587599722894113e+24
593 33847728.55945983 4.7534887304921096e+24
594 34716868.189265594 4.925270730856288e+24
595 35608325.526292816 5.103152201071454e+24
596 36522673.643081754 5.287346786733304e+24
597 37460500.32748989 5.478075549570905e+24
598 38422408.460550606 5.675567223602479e+24
599 39409016.40403447 5.880058480118381e+24
600 40420958.3979631 6.09179420179537e+24
601 41458884.96832911 6.311027766255999e+24
602 42523463.34528678 6.538021339398779e+24
603 43615377.89208005 6.773046178834981e+24
604 44735330.54498463 7.016382947780152e+24
605 45884041.264547616 7.268322039760313e+24
606 47062248.49841282 7.529163914504715e+24
607 48270709.65603178 7.799219445410578e+24
608 49510201.595563516 8.078810278977775e+24
609 50781521.1232767 8.368269206625448e+24
610 52085485.50577665 8.667940549317124e+24
611 53422932.99538352 8.978180555434402e+24
612 54794723.36900281 9.299357812355866e+24
613 56201738.480831884 9.631853672212532e+24
614 57644882.82925873 9.97606269230751e+24
615 59125084.138318814 1.033239309070523e+25
616 60643293.95408062 1.070126721751129e+25
617 62200488.25634705 1.1083122042383857e+25
618 63797668.086062826 1.147840965883436e+25
619 65435860.18883229 1.1887597805895678e+25
620 67116117.67496286 1.2311170407755495e+25
621 68839520.69645496 1.274962813197253e+25
622 70607177.14137766 1.3203488966915824e+25
623 72420223.34607315 1.3673288819087807e+25
624 74279824.82564911 1.4159582131015505e+25
625 76187177.02322999 1.4662942520418366e+25
626 78143506.07844542 1.5183963441383424e+25
627 80150069.61565398 1.5723258868306255e+25
628 82208157.5524054 1.6281464003380432e+25
629 84319092.92866251 1.6859236008445528e+25
630 86484232.75731726 1.745725476203261e+25
631 88704968.89654402 1.807622364247302e+25
632 90982728.94455567 1.8716870337968192e+25
633 93318977.15733239 1.9379947684547333e+25
634 95715215.38991855 2.006623453287312e+25
635 98172984.06188841 2.0776536644887274e+25
636 100693863.1476025 2.151168762132284e+25
637 103279473.19189525 2.227254986114607e+25
638 105931476.35183701 2.306001555402367e+25
639 108651577.46525373 2.3875007706955684e+25
640 111441525.14667904 2.471848120624557e+25
641 114303112.91144809 2.559142391602481e+25
642 117238180.32865998 2.649485781459062e+25
643 120248614.20374122 2.742984016985535e+25
644 123336349.79137747 2.8397464755254673e+25
645 126503372.03959012 2.939886310750591e+25
646 129751716.86575842 3.0435205827656166e+25
647 133083472.46540761 3.150770392690971e+25
648 136500780.65460137 3.261761021877378e+25
649 140005838.2468096 3.376622075911905e+25
650 143600898.46512637 3.4954876335799562e+25
651 147288272.39075047 3.618496400953824e+25
652 151070330.44866556 3.745791870784373e+25
653 154949503.93146315 3.877522487377865e+25
654 158928286.56229764 4.013841817146912e+25
655 163009236.0979738 4.154908725030678e+25
656 167194975.9731985 4.300887556986057e+25
657 171488196.98705408 4.45194832875898e+25
658 175891659.03277326 4.608266921151387e+25
659 180408192.87193808 4.7700252820079655e+25
660 185040701.95423058 4.937411635153068e+25
661 189792164.28391033 5.110620696517336e+25
662 194665634.33422634 5.289853897701341e+25
663 199664245.01097932 5.475319617231728e+25
664 204791209.66650835 5.667233419774748e+25
665 210049824.1653911 5.865818303580746e+25
666 215443469.00318778 6.071304956442764e+25
667 220975611.47959033 6.283932020462116e+25
668 226649807.92736927 6.50394636592363e+25
669 232469705.99856454 6.731603374594432e+25
670 238439047.00937253 6.967167232769781e+25
671 244561668.3452449 7.210911234401315e+25
672 250841505.9277541 7.463118094655122e+25
673 257282596.7447932 7.7240802742573756e+25
674 263889081.44575077 7.9941003149993e+25
675 270665207.00332355 8.27349118678498e+25
676 277615329.4436793 8.562576646619055e+25
677 284743916.64672476 8.861691609945023e+25
678 292055551.21827453 9.171182534758646e+25
679 299554933.4359822 9.49140781893656e+25
680 307246884.27090096 9.822738211233365e+25
681 315136348.48664826 1.0165557236418835e+26
682 323228397.81813806 1.0520261635040101e+26
683 331528234.2319423 1.0887261818312737e+26
684 340041193.27037024 1.1266982338660811e+26
685 348772747.48141706 1.1659862376443919e+26
686 357728509.93678623 1.2066356243428165e+26
687 366914237.8402494 1.2486933903576891e+26
688 376335836.22865325 1.2922081511756262e+26
689 385999361.7679779 1.3372301970973392e+26
690 395911026.64684665 1.383811550878184e+26
691 406077202.57003695 1.4320060273516504e+26
692 416504424.85451853 1.4818692951037535e+26
693 427199396.63067764 1.5334589402690017e+26
694 438168993.15141857 1.586834532520825e+26
695 449420266.2119133 1.642057693332e+26
696 460960448.68284196 1.6991921665830765e+26
697 472796959.16003907 1.7583038915995854e+26
698 484937406.7335233 1.819461078701538e+26
699 497389595.8790078 1.8827342873516824e+26
700 510161531.4749844 1.9481965069917246e+26
701 523261423.94866675 2.015923240659189e+26
702 536697694.5540476 2.085992591480315e+26
703 550478980.7854967 2.1584853521380502e+26
704 564614141.9303662 2.2334850974173657e+26
705 579112264.7641747 2.3110782799337884e+26
706 593982669.3920338 2.3913543291545573e+26
707 609234915.2400712 2.4744057538256912e+26
708 624878807.2006888 2.5603282479219892e+26
709 640924401.935647 2.649220800241354e+26
710 657382014.3409599 2.7411858077683684e+26
711 674262224.1778349 2.836329192937209e+26
712 691575882.8738525 2.9347605249275895e+26
713 709334120.498799 3.036593145132672e+26
714 727548352.9196218 3.141944296942303e+26
715 746230289.1391093 3.2509352599900184e+26
716 765391938.8230125 3.3636914890173145e+26
717 785045620.020451 3.480342757513935e+26
718 805203967.082547 3.601023306298368e+26
719 825879938.784429 3.7258719972086946e+26
720 847086826.6557419 3.855032472079067e+26
721 868838263.5251193 3.988653317184106e+26
722 891148232.2840202 4.126888233338762e+26
723 914031074.8756223 4.269896211848469e+26
724 937501501.5145271 4.4178417165106005e+26
725 961574600.1432076 4.5708948718753496e+26
726 986265846.131283 4.729231657981342e+26
727 1011591112.2238297 4.8930341117883945e+26
728 1037566678.7451849 5.0624905355382315e+26
729 1064209244.0647224 5.2377957122807124e+26
730 1091535935.3313932 5.4191511288125575e+26
731 1119564319.4838793 5.606765206283008e+26
732 1148312414.5435112 5.8008535387305815e+26
733 1177798701.197118 6.0016391398230875e+26
734 1208042134.6773264 6.209352698083373e+26
735 1239062156.9479182 6.424232840892478e+26
736 1270878709.2020595 6.646526407571876e+26
737 1303512244.681509 6.876488731857473e+26
738 1336983741.8249452 7.114383934087685e+26
739 1371314717.7539427 7.360485223440052e+26
740 1406527242.1052392 7.615075210561835e+26
741 1442643951.2181587 7.878446230951817e+26
742 1479688062.6863964 8.150900679463538e+26
743 1517683390.2834039 8.432751356311596e+26
744 1556654359.2710588 8.724321824977238e+26
745 1596626022.1014285 9.025946782422116e+26
746 1637624074.521689 9.337972442033293e+26
747 1679674872.0926533 9.660756929737936e+26
748 1722805447.1313922 9.994670693739529e+26
749 1767043526.088943 1.0340096928344945e+27
750 1812417547.3742394 1.0697432012366383e+27
751 1858956679.6356883 1.1067085962599189e+27
752 1906690840.5122519 1.1449482902894948e+27
753 1955650715.865947 1.1845061549364637e+27
754 2005867779.50823 1.2254275712267634e+27
755 2057374313.4329157 1.2677594815159953e+27
756 2110203428.5685966 1.31155044318948e+27
757 2164389086.06402 1.3568506842090365e+27
758 2219966119.1199527 1.403712160569851e+27
759 2276970255.3816752 1.4521886157332124e+27
760 2335438139.9064817 1.502335642103029e+27
761 2395407358.7208796 1.554210744616355e+27
762 2456916462.98279 1.6078734065207431e+27
763 2520004993.7640896 1.6633851574134604e+27
764 2584713507.4695582 1.720809643620448e+27
765 2651083601.9085417 1.7802127009954534e+27
766 2719157943.036019 1.841662430222513e+27
767 2788980292.3804398 1.905229274707965e+27
768 2860595535.175739 1.9709861011509084e+27
769 2934049709.215781 2.0390082828842836e+27
770 3009390034.449724 2.1093737860818316e+27
771 3086664943.3372746 2.1821632589294337e+27
772 3165924111.9835205 2.2574601238628768e+27
773 3247218492.0731254 2.335350672977326e+27
774 3330600343.624582 2.415924166717658e+27
775 3416123268.585532 2.499272935962493e+27
776 3503842245.2906756 2.585492487618482e+27
777 3593813663.8046255 2.674681613845775e+27
778 3686095362.172154 2.766942505039285e+27
779 3780746663.5993414 2.8623808666950287e+27
780 3877828414.5894613 2.961106040295149e+27
781 3977403024.058037 3.063231128349631e+27
782 4079534503.452449 3.1688731237379557e+27
783 4184288507.901576 3.278153043498172e+27
784 4291732378.4221487 3.3911960672165624e+27
785 4401935185.208879 3.5081316801760376e+27
786 4514967772.036102 3.629093821426759e+27
787 4630902801.799737 3.754221036948527e+27
788 4749814803.228495 3.8836566380796716e+27
789 4871780218.7946205 4.017548865393745e+27
790 4996877453.854889 4.1560510582113125e+27
791 5125186927.053332 4.2993218299404487e+27
792 5256791122.018419 4.447525249446737e+27
793 5391774640.387494 4.600831028659518e+27
794 5530224256.192911 4.7594147166293897e+27
795 5672228971.644549 4.923457900258298e+27
796 5817880074.344935 5.093148411932137e+27
797 5967271195.97331 5.268680544292713e+27
798 6120498372.47669 5.450255272394894e+27
799 6277660105.806513 5.638080483502745e+27
800 6438857427.240426 5.832371214787212e+27
801 6604193962.330305 6.033349899197443e+27
802 6773775997.517745 6.241246619786208e+27
803 6947712548.460226 6.456299372780554e+27
804 7126115430.11176 6.678754339698239e+27
805 7309099328.602919 6.908866168820843e+27
806 7496781874.966877 7.1468982663457e+27
807 7689283720.758306 7.393123097548869e+27
808 7886728615.61414 7.647822498303822e+27
809 8089243486.805955 7.911287997311729e+27
810 8296958520.834915 8.183821149411515e+27
811 8510007247.122247 8.46573388035119e+27
812 8728526623.848372 8.757348843413793e+27
813 8952657125.996382 9.058999788306103e+27
814 9182542835.656301 9.371031942731616e+27
815 9418331534.64796 9.693802407083593e+27
816 9660174799.522646 1.0027680562710186e+28
817 9908228099.003788 1.0373048494217158e+28
818 10162650893.929932 1.0730301426291678e+28
819 10423606739.764032 1.1099848175546217e+28
820 10691263391.734772 1.148211161789882e+28
821 10965792912.678099 1.1877529172024516e+28
822 11247371783.647509 1.2286553299429743e+28
823 11536181017.364761 1.270965202172174e+28
824 11832406274.583805 1.3147309455664304e+28
825 12136237983.442417 1.3600026366630683e+28
826 12447871461.87906 1.4068320741087642e+28
827 12767507043.192644 1.455272837876335e+28
828 13095350204.82665 1.5053803505176968e+28
829 13431611700.46018 1.557211940523e+28
830 13776507695.49055 1.6108269078582845e+28
831 14130259905.995337 1.666286591756683e+28
832 14493095741.262152 1.723654440840533e+28
833 14865248449.97854 1.7829960856546173e+28
834 15246957270.175762 1.8443794136934268e+28
835 15638467583.022478 1.907874647008132e+28
836 16040031070.5682 1.9735544224821335e+28
837 16451905877.536608 2.0414938748667235e+28
838 16874356777.273722 2.111770722671921e+28
839 17307655341.957275 2.1844653570106096e+28
840 17752080117.17636 2.25966093349745e+28
841 18207916800.994625 2.33744346730779e+28
842 18675458427.61074 2.417901931504984e+28
843 19155005555.73524 2.5011283587486692e+28
844 19646866461.804485 2.587217946500206e+28
845 20151357338.155586 2.6762691658454445e+28
846 20668802496.29082 2.7683838740594153e+28
847 21199534575.360687 2.863667431041316e+28
848 21743894756.000755 2.962228819753063e+28
849 22302232979.65941 3.0641807707990344e+28
850 22874908173.55704 3.1696398912892818e+28
851 23462288481.422623 3.2787267981337407e+28
852 24064751500.154217 3.391566255919466e+28
853 24682684522.556873 3.508287319528731e+28
854 25316484786.31358 3.6290234816608926e+28
855 25966559729.348724 3.7539128254265547e+28
856 26633327251.74981 3.8830981821887243e+28
857 27317215984.413734 4.016727294830943e+28
858 28018665564.591896 4.154952986639366e+28
859 28738126918.510693 4.297933335991603e+28
860 29476062551.248585 4.445831857051985e+28
861 30232946844.057762 4.5988176866800115e+28
862 31009266359.319237 4.757065777765257e+28
863 31805520153.329132 4.92075709920991e+28
864 32622220097.116734 5.090078842787594e+28
865 33459891205.49975 5.265224637114496e+28
866 34319071974.590427 5.4463947689780615e+28
867 35200314727.96675 5.633796412275416e+28
868 36104185971.7333 5.827643864823742e+28
869 37031266758.69931 6.028158793313083e+28
870 37982153061.907364 6.235570486681372e+28
871 38957456157.75501 6.450116118201777e+28
872 39957803018.95265 6.672041016581199e+28
873 40983836717.57253 6.901598946380413e+28
874 42036216838.44718 7.1390523980759395e+28
875 43115619903.18228 7.384672888095303e+28
876 44222739805.05897 7.638741269168767e+28
877 45358288255.101814 7.901548051351925e+28
878 46522995239.6018 8.173393734086241e+28
879 47717609489.387505 8.454589149677141e+28
880 48942898961.14532 8.74545581858184e+28
881 50199651331.10079 9.046326316913726e+28
882 51488674501.37487 9.3575446565824e+28
883 52810797119.3432 9.679466678504537e+28
884 54166869110.33157 1.0012460459334692e+29
885 55557762223.98878 1.0356906732180739e+29
886 56984370594.69136 1.0713199321785565e+29
887 58447611316.33626 1.1081745594671219e+29
888 59948425031.89421 1.1462966924760993e+29
889 61487776538.100296 1.1857299175010924e+29
890 63066655405.67406 1.2265193195601906e+29
891 64686076615.46321 1.2687115339261007e+29
892 66347081210.92337 1.312354799430149e+29
893 68050736967.3522 1.3574990135990592e+29
894 69798139078.30667 1.4041957896875049e+29
895 71590410859.64888 1.4524985156716874e+29
896 73428704471.66757 1.5024624152712677e+29
897 75314201659.7436 1.5541446110694623e+29
898 77248114514.03416 1.607604189803421e+29
899 79231686248.66261 1.6629022698995007e+29
900 81266192000.91945 1.720102071330681e+29
901 83352939650.98187 1.7792689878758454e+29
902 85493270662.68367 1.840470661863635e+29
903 87688560945.87445 1.9037770614862355e+29
904 89940221740.92053 1.969260560771428e+29
905 92249700525.92174 2.0369960223044546e+29
906 94618481947.21992 2.1070608827940478e+29
907 97048088773.80287 2.1795352415805203e+29
908 99540082876.2154 2.254501952187128e+29
909 102096066230.60475 2.3320467170191338e+29
910 104717681948.55203 2.4122581853191404e+29
911 107406615333.34323 2.495228054490277e+29
912 110164594963.36546 2.5810511749033132e+29
913 112993393803.3224 2.6698256583073575e+29
914 115894830343.98119 2.7616529899680377e+29
915 118870769771.19032 2.85663814466147e+29
916 121923125164.91095 2.954889706656388e+29
917 125053858729.03888 3.056519993821676e+29
918 128264983052.80626 3.161645186001158e+29
919 131558562404.57053 3.270385457802236e+29
920 134936714058.83064 3.382865115950444e+29
921 138401609657.31302 3.499212741366444e+29
922 141955476605.00986 3.6195613361283045e+29
923 145600599502.06516 3.7440484754867046e+29
924 149339321612.42532 3.8728164651068785e+29
925 153174046370.20798 4.006012503717257e+29
926 157107238924.74487 4.1437888513502665e+29
927 161141427725.30167 4.286303003367894e+29
928 165279206146.48972 4.4337178704708454e+29
929 169523234155.41214 4.586201964896862e+29
930 173876240021.62506 4.7439295930213574e+29
931 178341022071.00064 4.907081054580106e+29
932 182920450484.629 5.075842848741875e+29
933 187617469143.91232 5.250407887266596e+29
934 192435097523.03323 5.4309757149924e+29
935 197376432630.02554 5.6177527379039905e+29
936 202444650997.68018 5.810952459042469e+29
937 207643010725.57706 6.010795722526617e+29
938 212974853574.5523 6.217510965964462e+29
939 218443607114.94284 6.431334481543324e+29
940 224052786930.0018 6.652510686097312e+29
941 229805998875.8849 6.881292400460318e+29
942 235706941399.6723 7.11794113842421e+29
943 241759407916.91333 7.362727405632236e+29
944 247967289250.216 7.615931008749282e+29
945 254334576130.4648 7.877841375262624e+29
946 260865361762.25452 8.14875788427818e+29
947 267563844455.20398 8.428990208690685e+29
948 274434330322.83682 8.71885866911881e+29
949 281481236050.7581 9.0186946000094e+29
950 288709091735.92346 9.328840728330065e+29
951 296122543798.80316 9.649651565281905e+29
952 303726357970.3305 9.981493811480756e+29
953 311525422355.54913 1.0324746776069918e+30
954 319524750575.9214 1.0679802810242905e+30
955 327729484992.3382 1.1047067755672725e+30
956 336144900010.87616 1.1426961408358979e+30
957 344776405473.4457 1.1819917998423666e+30
958 353629550135.50464 1.2226386686404001e+30
959 362710025233.0648 1.2646832076608896e+30
960 372023668141.3066 1.3081734748126922e+30
961 381576466127.12445 1.353159180409138e+30
962 391374560198.0376 1.3996917439831008e+30
963 401424249049.9326 1.4478243530555643e+30
964 411731993116.1679 1.497612023924779e+30
965 422304418720.66724 1.5491116645456287e+30
966 433148322337.6394 1.6023821395709026e+30
967 444270674960.6874 1.6574843376289211e+30
968 455678626584.1069 1.7144812409143893e+30
969 467379510799.24634 1.773437997171928e+30
970 479380849508.9107 1.8344219941547467e+30
971 491690357762.8021 1.8975029366433115e+30
972 504315948717.1348 1.962752926112216e+30
973 517265738721.6024 2.030246543136246e+30
974 530548052536.9574 2.1000609326297474e+30
975 544171428686.58875 2.1722758920169182e+30
976 558144624945.4955 2.2469739624335393e+30
977 572476623970.2167 2.32424052306456e+30
978 587176639073.3262 2.4041638887253004e+30
979 602254120146.1927 2.4868354107977429e+30
980 617718759733.8489 2.5723495816374167e+30
981 633580499265.8241 2.6608041425700244e+30
982 649849535446.9902 2.752300195601381e+30
983 666536326812.4921 2.846942318968178e+30
984 683651600451.0238 2.944838686661926e+30
985 701206358900.7177 3.04610119206231e+30
986 719211887222.1178 3.1508455758215186e+30
987 737679760252.7745 3.2591915581456464e+30
988 756621850048.1063 3.3712629756242194e+30
989 776050333513.357 3.4871879227645406e+30
990 795977700231.4978 3.607098898392226e+30
991 816416760492.1455 3.7311329570854977e+30
992 837380653526.6506 3.859431865816322e+30
993 858882855954.6259 3.992142265977151e+30
994 880937190447.399 4.12941584097893e+30
995 903557834613.8921 4.271409489611373e+30
996 926759330114.6864 4.41828550536398e+30
997 950556592010.1211 4.5702117619127305e+30
998 974964918348.4097 4.727361904984159e+30
999 1000000000000.0 4.8899155508166195e+30
